0,[  0.           0.           0.          10.49229351   0.
  10.63981633  10.1512752   10.30380543  11.48888974  10.94114824
  10.01343434  10.03785773  10.10761252  11.51154564  10.15487124
  10.16185458   0.          10.1663295   11.44226496  10.03801862
   0.           0.           0.           0.           0.
   0.           0.         129.92545885   0.         104.88978987
 126.78332631 129.32986562 126.64934149 131.53916848 122.5320784
 179.47488548 131.67400395 198.07752424  74.98698953  88.06945336
   0.          79.3375446  137.43254866 118.18778438   0.
   0.           0.           0.        ]
1,[  0.           0.          10.10991791  10.00378153  10.00765417
  10.29485092  10.85551391  12.42747558  11.76899815  11.30635899
  11.75822214  11.1299837   11.14095736  12.66464575  12.21325874
  13.22714497  10.00510732  10.52965927  10.29649437  11.06126764
   0.           0.           0.           0.           0.
   0.          24.70591951  30.58871629  37.87019913  71.29388189
  92.08605889 150.54742301 125.84048718 170.19940919 140.
 140.          98.7592605  182.43673234  98.30526992  84.04772365
 107.68076482  75.94550008 142.04812654  42.39468571   0.
   0.           0.           0.        ]
2,[  0.          10.45708784   0.          10.37760297  12.64231986
  10.59769291  12.78276293  11.03640201  11.82135208  10.70476521
  10.17079753  11.32364945  14.31547153  10.65635387  10.70281626
  10.38925002   0.          10.15928785  10.6623442   10.19634246
  10.19568275   0.           0.           0.           0.
  38.4705916    0.          58.20934667  60.73376759  66.1789333
  77.41343526 119.79161045 166.10770539 131.14709863 149.73783526
 136.06890864 124.61395701 115.27177473  91.27945347 143.16032773
   0.          88.84071215 127.16835172  67.73506492  46.39768434
   0.           0.           0.        ]
3,[  0.           0.           0.          10.34950197  10.7087247
  12.98731929  12.6682714   11.47837904  10.77393128  10.27325564
  10.9934349   10.13862433  10.63958834  12.37622429  10.08375213
  11.83794676  10.51250615  10.08631368  11.74208035  11.07207088
   0.           0.           0.           0.           0.
   0.           0.          79.84265375  42.53893463  80.77560894
  79.13390396 144.32451881 143.35974777 143.35469748 139.067836
 160.65762419 132.50087716 127.6723815   73.52161281  61.51867784
  63.8167261   87.63780012 152.17667567 105.64378213   0.
   0.           0.           0.        ]
4,[  0.           0.          10.14539878  10.73154247  10.16157678
  10.49609425  12.26482655  10.0007003   13.06587954  12.18478741
  11.04875268  14.98363704  11.00693191  10.81935911  11.63561519
  10.63168322  10.21414256  10.31846541  10.60588226   0.
   0.           0.           0.           0.           0.
   0.          21.85460122  50.40982511  38.80333927  60.17260321
  89.62015555 136.91963224 163.9694484  138.11814472 147.15329855
 220.21616781 127.86838925 125.11222566  84.072454   111.32212022
 100.88406276  87.89556276 141.58844775   0.           0.
   0.           0.           0.        ]
5,[  0.           0.          10.20989882  10.09752857  16.00913829
  10.0332888   10.15143207  11.01721762  10.90293332  12.60676911
  14.24709823  12.30121771  13.26191204  10.63918426  10.68935845
  10.3675772   11.9683607   11.73151502  10.81209862  11.78514228
  10.90717083   0.           0.           0.           0.
   0.          23.12613351  46.78358408  38.75820195  64.10021706
  96.73213886 124.41669473 139.09706668 110.94014231 180.23413766
 140.         122.34615519 125.30316009  72.07151826  97.62607852
  69.0514921   86.43633608 127.43797071  73.17482463  35.51089599
   0.           0.           0.        ]
6,[  0.           0.           0.          10.45221868  12.95348629
  10.02842357  13.11208284  10.32121946  10.71297408  11.92150561
  10.24002909  10.03032046  12.86995378  10.71730023  12.33522543
  10.74674889  10.02669165  13.45565135  10.77893134  11.66520993
  10.8564758    0.           0.           0.           0.
   0.           0.          94.10917646  41.85836948  54.31933561
  85.34825716 137.90360148 118.51690814 173.05310453 139.88506465
 137.35688129 136.85637939 117.05014557  82.66477457  91.48605391
  69.97330835  85.54434865 128.05633335  77.93994015  28.79321858
   0.           0.           0.        ]
7,[  0.           0.          11.27135744  11.35689995  11.4217481
  11.93636561  10.23902037  10.48061467  10.17228038  10.27014953
  10.91324739  10.3565286   10.24217529  13.01764873  11.80576555
  11.2859048    0.          11.12303502  10.48036653  10.51048376
  11.32220537   0.           0.           0.           0.
   0.          99.90859141  46.73437118  43.51072793  78.28864527
 104.62712672 125.82987605 130.83511978 125.01609852 140.
 154.13785968 129.23271087 184.11516956 103.17748792  77.35956583
   0.          80.49061325 106.38000204  73.70621317  41.99535097
   0.           0.           0.        ]
8,[  0.           0.          12.67665551   0.          14.36753702
  10.92850338  10.51929078  11.12700031  10.25832861  12.37779009
  12.88888201  10.26764053  10.8242799   10.8403104   11.87156458
  14.79880631  10.55279465  11.28170888  10.97511846   0.
  11.44896398   0.           0.           0.           0.
   0.          52.8553362    0.          47.13854318  82.94470241
 108.59307857 164.90882786 150.06243715 137.25284732 179.84814137
 140.         149.1421702  119.44275608  88.17891195 118.77034216
  35.24999707  72.95042733 135.31774765   0.          40.16433025
   0.           0.           0.        ]
9,[  0.           0.          10.31470078  12.00477713   0.
  13.56876829  10.63200754  11.20580549  10.56313965  10.82948775
  11.55029752  10.00897244  10.0593981   10.35331308  10.05249171
  10.77604263  12.22386465  10.05145057  13.14293251  10.18543905
   0.           0.           0.           0.           0.
   0.          64.559724    42.93421513   0.          61.55379798
 177.98572402 139.49839559 135.50547853 121.85401039 131.41531001
 109.85539456 179.67732662 119.57081637  93.50027007  83.30692174
  69.20014299 108.0592584  133.45740193  61.50318923   0.
   0.           0.           0.        ]
10,[  0.           0.          10.49443443  11.31966199  11.05395571
  12.35409474  10.75366846  10.3090935   11.1244416   10.2608403
  10.01625605  12.75297064  10.26791312  13.75757528  10.07981426
  10.37199695  12.14088075  11.3692924   10.72308656  10.97539567
   0.           0.           0.           0.           0.
   0.          82.83164371  49.84248307  36.50117825  51.4861643
  81.36406561 113.14957666 138.87697425 186.99331202 165.59068948
 191.11084841 121.46070416 154.83588342  83.80709148  40.33829183
  52.47087409  87.6307076  123.9881965   58.03085708   0.
   0.           0.           0.        ]
11,[  0.           0.           0.          10.63050742  11.08192505
  11.56649691  16.69158819  11.87074516  10.39615362  10.29786497
  10.70477711  11.34337553  12.4210798   10.06306572   0.
  12.62304633  10.05829093  11.21680038  12.81080164  10.26617733
  10.11564493   0.           0.           0.           0.
   0.           0.          67.14734304  48.77076626 127.47942966
  97.12836131 163.73919068 154.70143523 134.61559381 188.90859731
 100.78891787 125.58869774 171.2416749    0.          92.80898388
  61.52289646  87.78319962 102.98962493  70.5146094   51.94335926
   0.           0.           0.        ]
12,[  0.           0.           0.          10.73858566   0.
  14.38894393  10.05956319  10.41292358  14.81783095  11.05473097
  10.72174895  11.66241413  10.17268856  15.0216512   10.42777875
  10.03879156  10.90755473  10.21241534  11.6608029   10.87935115
  10.32507326   0.           0.           0.           0.
   0.           0.         118.77782088   0.         112.48641493
 103.08308348 114.38539641 125.83301485 114.39577833 140.
 212.31400551 112.15507652 170.2475367   84.10436134  24.53389445
  65.41672892  78.86516805 130.80560455  76.48744651  49.37932676
   0.           0.           0.        ]
13,[  0.           0.           0.          11.46441254  10.37388853
  13.4731674   11.48962944  10.57774118  11.49379336  10.98222021
  11.07776883  10.47530469  11.56855072  10.87349279  10.10172988
  12.18995837  14.81638123  10.72282254  14.13782157  10.01159783
   0.           0.           0.           0.           0.
   0.           0.          47.78707637 101.12826088  48.30086054
 124.28505916 179.03045286 107.41281436 195.30419133 140.41176607
 174.16922852 114.32954536 104.93090062  76.22809072  80.591517
  66.11687821  80.72921142 123.69059819  60.89909608   0.
   0.           0.           0.        ]
14,[  0.           0.           0.          12.02183102  13.0447369
  10.20400537  10.74202622  10.04981517  12.23591475  15.00596284
  10.51683972  10.69158742  11.35565048  13.52331165  10.30071773
  11.34351707  11.28106955  11.66653446  10.06371521  10.15388373
  10.88763997   0.           0.           0.           0.
   0.           0.          50.43560387  87.42047634  62.13022387
  60.89877506 133.28527679 134.41265466 127.42612559 186.82459076
 133.56580873 138.94687697 142.83215622  78.47809671  76.6052216
  60.05560284  87.33346554 130.90680695  65.71013602  46.27558768
   0.           0.           0.        ]
15,[  0.           0.           0.          11.16870193  11.43308582
  14.08996257  10.79351942  11.21454847  11.17293367  20.73086132
  10.95724926  10.03329782  11.27463     10.27790267  15.11658893
  11.07697911   0.          10.48246353  10.40303883  10.88643244
  10.87325642   0.           0.           0.           0.
   0.           0.          56.45699786  28.25375912  74.03492122
 128.731325   167.54026038 217.73879714 134.2833459  150.27953819
 140.          91.28010751 118.28331457 109.19312155  78.40239598
   0.          88.37887399 119.09956531  65.74548834  48.5245621
   0.           0.           0.        ]
16,[  0.           0.          10.02528187  10.29077802  10.9219171
  12.00744278  10.54679954  11.73585027  11.10536137  10.13643173
  10.87841476  13.21184921  10.23897589  10.45456215  11.04763902
  11.11695329   0.          10.73118846  14.74590044  10.84704011
  11.49649829   0.           0.           0.           0.
   0.          15.73122503  54.61962208  54.0202955   53.01162264
 130.19836762 116.62608418 141.76557748 210.38353564 140.
 148.52145036 123.14316755 125.34782067  78.98337658 121.79073518
   0.          72.33782472 121.0660603   70.28626265  33.2518799
   0.           0.           0.        ]
17,[  0.           0.           0.          10.34679838  10.56347656
  10.24756666  10.28854092  10.72679676  11.2849895   10.16081843
  10.19482554  11.3729211   11.31222868  10.48587989  11.46682317
  10.9140919   11.05236831  10.84838308  10.6002378   14.66173952
  12.09700734   0.           0.           0.           0.
   0.           0.          64.602787    43.95088619  80.54519356
 116.22794815 128.72005794 132.52340532 142.41020735 157.77593914
 163.68989795 148.35581327  94.5473686   70.71412862  73.06327588
  60.17087328  86.78481988 132.3997622   63.73921959  42.11491724
   0.           0.           0.        ]
18,[  0.           0.           0.          10.25658167  10.16986898
  11.08620628  11.56555514  16.38271938  10.26178316  11.04347913
  10.84779433  10.79932434  10.57421179  10.64020058  10.6571623
  10.15769269  10.1186636   10.98868499  13.20874505  12.03928918
   0.           0.           0.           0.           0.
   0.           0.         114.34414438 117.2705389   71.91539043
  71.33272623 112.0394145  129.19969863 130.85175228 140.
 139.85342129 149.76310547 152.74372568  78.26130344 125.66218743
  66.70013793  66.16381278 128.02677464  42.8492255    0.
   0.           0.           0.        ]
19,[  0.           0.           0.          11.81629465  10.52581008
  10.28042547  10.82897881  11.64339158  10.07431185  11.45663101
  10.01476788  11.21492067  12.42450198  10.10359326  11.50461521
  10.16808214   0.          10.30907898  15.41855732  10.92661911
  12.38495239   0.           0.           0.           0.
   0.           0.          62.39861006  56.95019815  88.48412526
 107.96873013 122.88051551 188.96083688 133.54336899 140.82486771
 145.48167449 108.53028912 105.60564809 169.62774782 109.04837439
   0.          71.62962041 122.80859784  81.04265788  29.87606548
   0.           0.           0.        ]
20,[  0.           0.           0.          10.74747168  11.91392286
  10.49772847  12.00071562  10.08446414  10.57576335  10.46362899
  10.15085704  11.36502109  11.64757099  11.81049853  10.64060091
  12.72553751  10.63342491  12.74437276  10.32549991  10.58981813
   0.           0.           0.           0.           0.
   0.           0.          48.61329918  44.08607714  66.18973854
  96.37253641 158.64167547 155.00721757 151.61974884 140.
 112.32550376 125.74531152 113.87392457 166.45823911  33.68722248
  57.80739474 121.36740535 111.36145599 132.82347809   0.
   0.           0.           0.        ]
21,[  0.           0.           0.          12.1720708   10.28470879
  10.32019938  10.82506468  11.23805877  11.764345    11.60624285
  11.89389386  10.46040719  11.32548178  11.01688671  13.17294651
  10.2663728   10.68723446  10.08583137  10.3279685   10.18394736
   0.           0.           0.           0.           0.
   0.           0.          46.58006794  46.92240108  89.48644148
 106.31301301 167.30841599 128.73470195 109.87467607 140.
 159.63399133 156.52646785  94.4595891   70.51862315  85.8880394
  91.45993991  95.41983301 131.09040507 103.31911873   0.
   0.           0.           0.        ]
22,[  0.          10.3121062    0.          11.80614635  11.11296325
   0.          12.05925411  10.36680955  12.44932866  11.1131542
  10.31216559  10.96021476  10.17772052  12.50470867  10.4986748
  10.4350813   10.07467706  11.62248075  10.09141481  10.70275458
   0.           0.           0.           0.           0.
  66.5477723    0.          53.86757109 112.93684127   0.
  83.18503182 116.79674101 159.51075291 115.68597245 150.14784171
 153.70488831 183.52162679 127.97883719  80.92635639  72.78426596
  67.0293916  117.4479995  122.85905722  54.38713321   0.
   0.           0.           0.        ]
23,[  0.           0.           0.          10.06868048  10.05916315
  10.23661285  11.54269681  13.74750121  10.43020688  12.51723023
  11.26368647  10.03574661  10.15043264  10.13000285  11.14837837
  10.70995513   0.          10.20833343  10.58131159  11.42900456
   0.           0.           0.           0.           0.
   0.           0.          69.20212344  39.87181613  88.33605801
  89.31316345 163.76224235 210.13201556 144.41802431 189.77056354
 146.69250489 118.55087552 130.28188838  68.12847851  64.87819246
   0.          70.33547246 113.87262727 150.63158343   0.
   0.           0.           0.        ]
24,[  0.           0.           0.          10.15371997  11.92236725
  10.32201571  10.36113849  12.08570952  11.56660499  10.58683869
  10.86846252  11.05022055  11.83511426  10.94858708  11.17897949
  12.06452186  10.07254025  11.06885277  10.03629013  11.51214545
   0.           0.           0.           0.           0.
   0.           0.         158.87319449  38.27160808  88.0095937
  95.4378948  152.34428074 110.87050014 171.73574119  89.39434404
 162.94547311 111.53577372 137.76337981  95.10069373 111.88076975
  38.71928482  99.50964463 112.15993195  67.65206658   0.
   0.           0.           0.        ]
25,[  0.           0.           0.          10.01031419  10.17564161
  10.00247366  10.77984444  11.10766282  10.8539248   11.25248591
  10.09238234  10.8904217   10.92065006  10.14257175  12.47331187
  11.8929725   12.43447843  12.85982227  11.34254684  13.73277462
   0.           0.           0.           0.           0.
   0.           0.          52.98968581  44.3664612  105.18950128
  98.60750951 126.04917267 170.48121844 104.14467745 135.31109209
 187.07039293 145.12451063 146.88175967 106.2247981   45.66963216
  59.58880712  81.90330111 127.7695643   86.96024011   0.
   0.           0.           0.        ]
26,[  0.           0.           0.          12.93860158  10.7067222
  15.49134679  13.48238059  10.61486325  12.00653589  10.31725713
  10.23773873  11.58205924  12.84422063  10.01269414  10.76159574
  10.23236238  11.23758425  10.77839513  12.69949105  12.35920635
  10.41795073   0.           0.           0.           0.
   0.           0.          55.23481785  59.72214053  50.45935667
  80.98928792 123.40125811 185.07742552 133.99532136 139.16924544
 162.56014986 126.15577937 125.98730586  77.50509493  65.77985341
  61.12638529 130.25168467 130.30050895  53.0897259   33.33128772
   0.           0.           0.        ]
27,[  0.           0.          13.51020156  11.6668822   12.06491913
  11.64513167  10.17701349  10.19488643  11.71031842  10.42429428
  10.23251667  11.35837723  10.28609262  10.00812195  10.28861393
  11.11854207  10.72521724  10.79041961  11.0354386   11.33925034
  10.04393775   0.           0.           0.           0.
   0.          26.96032508  39.31792193  39.34951738  65.51086628
 111.46300471 126.34030657 134.52256744 136.76765833 149.77724826
 137.15701999 112.26674582 114.80184652  96.56102848  83.88145793
  69.27478276 127.86666329 128.49658308  34.25338667  51.90251978
   0.           0.           0.        ]
28,[  0.           0.          10.20798657  10.77405628  10.59447258
  10.60625923  11.63715392  10.01262352  10.0908386   11.22492851
  10.40345775  11.1241447   10.25340125  11.32658807  10.33923286
  10.19977415  10.58460394  12.75285184  10.82295716  10.69671342
  13.18714371   0.           0.           0.           0.
   0.          20.1888807   31.98617218 100.47162096  60.29408572
  91.44884693 144.20272503 140.57053983 135.87446394 173.5414554
 149.37859371 117.45898213 135.5957006   82.09068487  68.63867229
  42.0610915   84.18039744 127.70576389  96.75603356   0.
   0.           0.           0.        ]
29,[  0.           0.           0.          10.11038538  10.10627103
  10.61855331  14.34463946  13.36290099  11.84987553  12.15345142
  12.6868871   12.73413194  14.69158876  11.82021523  11.38733875
  10.60175355   0.          10.07089538  11.10526482  11.07830928
   0.           0.           0.           0.           0.
   0.           0.          98.80362635  89.34316478  69.77984163
  91.46556552 113.90952614 162.2661929  132.1564416  141.28311627
 130.85877682 122.94378602  97.22775079 126.45730133 187.48296933
   0.          88.92910462 130.78131669  67.7011609    0.
   0.           0.           0.        ]
0,[  0.           0.          13.17621459   0.          10.75071124
  12.79975824  11.44923633  11.42039657  11.7674179   15.25735762
  16.72118232  11.74304366  10.77547063  11.13414358  11.20439459
  10.82416063  11.73479838  10.56215926  10.49145984  10.26809312
  10.16993243   0.           0.           0.           0.
   0.          96.99204054   0.          51.97305932  62.2994963
  89.20554687 121.32229819 133.70080291 145.54381505 186.67002421
 152.9686791  152.48630454 169.64473039  78.03474122  54.7886929
  66.74945098  69.26286809  78.36084968  66.39130583  37.10842006
   0.           0.           0.        ]
1,[  0.           0.           0.          16.1936827   11.07669689
  10.33118914  10.3165424   13.11411648  10.89408782  14.13567681
  10.32246971  17.382768    11.79710989  10.31601426  10.13362697
  12.98676291  10.80228472  11.40344714  10.60708128  10.24090648
  11.36421474   0.           0.           0.           0.
   0.           0.          72.41248267  46.66191167 112.98461989
  89.792104   127.28205448 135.88886132 122.35860219 151.97639256
 125.72986146 122.4767754  115.85964011  82.35061637 108.93960507
  87.63282819  84.59377903 120.99293163  51.36570336  50.11839944
   0.           0.           0.        ]
2,[0.00000000e+00 0.00000000e+00 1.09816610e+01 1.27898766e+01
 1.02686734e+01 1.02127768e+01 1.35788179e+01 1.30160486e+01
 1.00240223e+01 1.25598855e+01 1.08964024e+01 1.05276503e+01
 1.02109664e+01 1.27431474e+01 1.26489636e+01 1.04316376e+01
 1.10408470e+01 1.01592879e+01 1.06623442e+01 1.46019897e+01
 0.00000000e+00 0.00000000e+00 0.00000000e+00 0.00000000e+00
 0.00000000e+00 0.00000000e+00 5.00000000e-02 9.08267887e+01
 5.21463582e+01 5.98165249e+01 7.10095631e+01 1.85893229e+02
 1.98451027e+02 9.92813508e+01 1.38732658e+02 1.40000000e+02
 1.23916578e+02 1.63401583e+02 7.71750511e+01 8.25323906e+01
 6.74853794e+01 9.69013678e+01 1.32337656e+02 5.99157764e+01
 0.00000000e+00 0.00000000e+00 0.00000000e+00 0.00000000e+00]
3,[  0.           0.           0.          11.45190494  13.46106537
  11.93483386  11.16408307  10.15363791  12.99070295  15.75767132
  11.68627257  10.07073476  10.06293058  10.09009569  11.85972508
  10.53663337  12.07046593  13.29075725  11.11621786  10.4593493
  10.38734865   0.           0.           0.           0.
   0.           0.          51.54809506  31.3070964   63.30715173
  96.84807712 208.6715661  138.04448403 128.96289888 147.97278655
 148.25657825 140.38983111 124.18562783  78.14504792  66.38475385
  39.32009804  82.30483498 126.72200666  73.92792912  42.3521255
   0.           0.           0.        ]
4,[  0.           0.          11.4385552   11.34837923  10.16157678
  10.96133926  10.27444061  10.60311558  13.68370284  11.35430127
  10.5779857   11.1782819   11.13161075  10.88777434  10.74797603
  10.03942817  11.25399521  10.04421424  10.34562327  10.57649129
  10.40484042   0.           0.           0.           0.
   0.          21.85460122  52.62844165  76.25464592  63.80633288
  89.14452771 139.35783674 113.77340699 138.72446372 140.
 140.         134.59633028 122.65743562  63.30057933 104.86721118
  68.19164128  68.00933667 139.49749769  63.68761237  47.61182333
   0.           0.           0.        ]
5,[  0.           0.          11.29173745  11.59867365  13.76143246
  10.75927104  12.44247082  10.15022451  10.27307875  12.00839675
  14.12535603  12.85975456  11.29318826  10.69683991  10.10080527
  11.20405521  12.87257499  12.48898287  10.81209862  11.15419005
   0.           0.           0.           0.           0.
   0.          30.74319557  48.54994563  24.54562095  67.35202465
  88.92168771 124.41669473 139.09706668 114.23302978 145.89911682
 152.35398637 130.08473475 123.3842084  118.08355867  72.62464176
  84.62422212  67.11125452 138.97659749 121.27625814   0.
   0.           0.           0.        ]
6,[  0.           0.          10.21653359  12.36518836  11.19948809
  13.62976006  10.78613016  11.85476828  13.39290856  14.53503294
  11.87497038  12.42069962  13.18924596  16.0846751   12.33522543
  10.84727561  10.9692248   10.26432911  11.47835169   0.
  10.8564758    0.           0.           0.           0.
   0.          95.00855021  52.26458573  84.1023269   65.31959659
  75.77360345 120.19843883 188.57142318 126.45562712 121.47744975
 159.38768079 128.47933594 112.44779939  83.53194112  49.23963971
  65.86580289 116.07818879 122.95854711   0.          33.03151127
   0.           0.           0.        ]
7,[  0.           0.          10.38926458  12.12106968  10.85013307
  10.60544893  11.43779687  11.18629272  14.44534763  10.26994481
  10.55434545  10.31171978  11.78453764  10.73229172  12.1953348
  10.00844377  12.46390824  10.3711593   10.08213275  10.51048376
  10.36713857   0.           0.           0.           0.
   0.          28.74414297  99.96453911  32.75026262  65.38477566
  81.91931151 117.98068413 131.15647927 118.00946194 142.97429254
 150.59075478 127.21546236 114.34505593 107.21102767  84.97776221
  57.48216085 103.7582982  126.21040995  67.8081954   43.8107962
   0.           0.           0.        ]
8,[  0.           0.          11.20782216  10.05445406  11.0481183
  10.1201729   13.19699064  11.07423437  11.2047913   13.54955907
  11.69317374  10.19322019  10.36335627  22.95365731  11.12884402
  10.95363321  11.14296288  11.2302132   10.53936426  11.80793033
  10.17170983   0.           0.           0.           0.
   0.          18.00569437  56.92047449  41.84352248  56.45466638
  97.84598206 120.75964404 222.20901017 150.23929936 133.6073232
 158.80521229 122.01966413 111.88141984  77.19376189  96.77371684
  31.06001398  56.62274356 132.36594753  72.99755957  49.57605836
   0.           0.           0.        ]
9,[  0.           0.          10.83946813  10.64266607  16.19468458
  11.98579498  13.27160377  11.20580549  11.04758957  10.66792032
  10.00048908  15.0778728   10.52650429  11.86209867  10.05638304
  10.93283085  10.79985701   0.          10.00741431  10.97523459
  10.40165326   0.           0.           0.           0.
   0.          32.23914254  51.7961772   34.5384276   57.15762427
  92.70452372 127.79419451 148.74559644 153.31671066 188.64907577
 166.37751085 122.58389706 130.1394881  109.80508163 110.11753018
  69.20014299   0.         128.80936409  80.98593622  33.41952139
   0.           0.           0.        ]
10,[  0.           0.           0.          10.6430025   10.68182695
  10.31722256  10.08298007  10.58572708  10.24862808  13.41983657
  11.06606145  11.86053249  10.21770741  11.16007301  11.19290852
  11.45762088  11.08217311  10.42368242  10.72308656  10.14966311
   0.           0.           0.           0.           0.
   0.           0.         114.92033183  41.96159035 155.75727691
  96.55228542 111.4684793  136.26363944 110.64966979 176.19844981
 140.90048649 125.40872009 139.02219753 109.32997147  78.61656991
  47.95020915 105.95773857 141.61459157  62.19695048   0.
   0.           0.           0.        ]
11,[  0.           0.           0.          10.6556108   10.96005658
  10.63399153  13.33462163  10.22919015  12.76628427  10.03837178
  11.21967212  12.57448747  10.30289257  16.19891042  14.29378575
  10.62447983  12.0374869   11.21680038  12.18343133  12.27482643
   0.           0.           0.           0.           0.
   0.           0.         104.44731204  88.1548102   66.25113157
  92.19406567 173.15674204 128.2996402  139.3852417  140.
 140.          93.37002819 125.71866844  99.96049668  67.87154439
  66.44137373  64.57187101 177.67241255  51.05067153   0.
   0.           0.           0.        ]
12,[  0.           0.           0.          10.07899889   0.
  11.00494948  10.41237471  10.22712057  10.06901517  10.57581735
  13.24166363  11.68831214  11.21668079  11.51976435  10.89563866
  12.19515892  13.27799     11.67671265  11.43586806  10.57790574
   0.           0.           0.           0.           0.
   0.           0.         154.8059654    0.          61.21086766
  89.57496158 121.85562178 118.1738716  147.13763758 151.7135944
 145.35518316 161.09489938 114.89162526  84.10436134  66.90478542
 111.01675833 160.30883651  90.52262808  73.10467345   0.
   0.           0.           0.        ]
13,[  0.           0.          12.42493729  12.01985175  11.81608269
  10.90462035  11.48962944  10.77550091  12.95636767  11.23473991
  10.28897941  12.30582679  10.41399606  11.2989819   10.95587463
  11.0555872   10.20904725  10.09746487  13.36787325  11.78705437
  11.4498564    0.           0.           0.           0.
   0.          19.19818494  50.73725946  46.11296487  26.62866852
  91.71370636 149.6906402  133.93389727 173.65248072 156.72896508
 139.03370425 124.67319237 122.58197931  85.21211949  68.44409924
 110.51349522  65.18610864 124.01450169  53.25842918  50.5501436
   0.           0.           0.        ]
14,[  0.           0.          10.12670105  10.28507362   0.
  11.36281766  15.65367384  10.28367109  10.31440109  10.85343054
  10.17918109  10.25954756  10.11782416  10.24990618  10.30071773
  11.28098024  11.26401928  11.09518708  10.58788149  10.06512288
  10.66432174   0.           0.           0.           0.
   0.          79.54690244  57.36626158   0.          66.3909608
  83.9084199  147.05176364 139.8528466  134.5070512  140.
 139.93402309 165.30875868 120.53581146  53.14847116  82.89071141
  53.68290064 101.41315041 131.11402668  72.20833249  40.26200416
   0.           0.           0.        ]
15,[  0.           0.           0.          12.68487863  11.30153066
  12.17404542  11.40226782  13.48748965  10.52512171  11.11410401
  11.10523017  10.52976846  10.32136553  10.08142549  10.14089022
  11.07697911  10.89148514  10.08321023  11.86852662  10.72541396
  10.56072082   0.           0.           0.           0.
   0.           0.         142.63070639  62.59665843  50.82042196
  94.14867437 153.17701193 136.70743703 118.32479459 140.
 122.51343547 171.96128288 120.76534484  68.65651018 121.24354552
  68.38795723  51.15308825  99.92964787  56.88185214  46.08457111
   0.           0.           0.        ]
16,[  0.           0.          10.14997653  13.07949822  11.48509896
  10.14691541  13.54522108  10.44232253  10.20283903  10.77517982
  13.30659751  13.52705985  10.09661944  10.50507409  10.06534625
  10.5174363   12.59124389  11.97038164  11.61739717  10.56110167
   0.           0.           0.           0.           0.
   0.          57.38618973  63.15964916  37.00488313  62.29130699
  74.29645508 126.4068431  134.26634744 128.43384812 189.01583294
 138.56314806 128.90338056 232.77068208  67.95184952  86.84644832
  43.98536314  69.24552512 108.12626397  70.34498848   0.
   0.           0.           0.        ]
17,[  0.           0.          10.22035115  10.19707237   0.
  13.73554023  10.05272264  10.40674215  11.76006203  11.36230683
  10.55278802  11.655877    10.23927957  12.1657846    0.
  12.94054392   0.          12.72921043  10.6002378   10.47589382
  11.23683849   0.           0.           0.           0.
   0.          86.50785963  71.74109641   0.          23.91272006
  93.80866291 196.0710534  163.0525311  155.83178784 177.88149706
 138.7053084  108.26613524 197.97775791   0.         114.78128621
   0.          86.27078957 127.24670044  78.65577452  42.11491724
   0.           0.           0.        ]
18,[  0.           0.           0.          11.73622178  10.16986898
  11.08620628  12.12312463  12.90873184  15.27086007  14.14824772
  10.9787209   12.01273509  10.41530676  14.77396774  12.66712109
  11.9389681   12.22885395  13.42741589  10.58188361  10.8989938
  10.02208912   0.           0.           0.           0.
   0.           0.          98.10045742  37.32594388  72.79523479
  71.33272623 114.85047356 120.3736534  201.07534764 158.00489315
 146.31115891 121.7788484  115.7786166   77.9417945   79.31124448
  69.32969757  96.30221674 123.2551016   50.92329883  36.71288798
   0.           0.           0.        ]
19,[  0.           0.           0.          11.93242984  10.27406749
  10.63746825  11.35828018  12.17820314  19.89501519  10.1176906
  10.96156348  13.36134663  10.32630851  11.87536806  11.9658041
  11.51230899  12.1575652   10.30907898  10.37723629  10.41734624
  10.42193207   0.           0.           0.           0.
   0.           0.          44.8793162   42.51618156  65.41874188
 128.75096575 120.5129648  121.6630077  166.92429755 131.44747388
 134.51546985 130.15048781 158.05756251  80.37332331  89.8284772
  42.00328289 100.2963517  139.25561109  65.5527288   31.97926775
   0.           0.           0.        ]
20,[  0.           0.          13.33376571  10.89674913  11.91392286
  10.43126744  14.46163181  10.08446414  12.92575043  12.20441695
  13.09495214  11.54221348  10.4715392   11.24039249  10.64060091
  11.18555449  11.70078349  10.40066605  12.19895927  12.84876258
   0.           0.           0.           0.           0.
   0.          18.66623429  44.33856849  39.19413295  86.54773892
  86.99959694 128.20752153 140.78377548 132.02850765 134.22887612
 160.35899224 128.5284608  125.7928795  114.86870241  81.24562405
  58.06080019  85.7206155  122.42351841 121.82469308   0.
   0.           0.           0.        ]
21,[  0.           0.           0.          12.26476726  12.83984588
  10.63286532  22.38243615  11.20946998  10.7329561   13.18541265
  11.95544664  10.72911492  10.50118092  12.28188805  13.18385553
   0.          12.62104211  14.75605374  10.84718402  10.9351213
   0.           0.           0.           0.           0.
   0.           0.          86.63789515  65.71094158  52.59200545
  82.08528356 228.33268143 122.22930676 111.6370981  183.58126708
 154.57671244 121.46696728 137.34044143  70.51862315   0.
 139.60260593 107.2290184  109.78461023  63.31966289   0.
   0.           0.           0.        ]
22,[  0.           0.           0.          11.77102047  12.49884935
  11.25291815  11.57861734  12.17759346  10.63191043  11.35118708
  11.4651982   10.13291785  13.39422747  11.17659174  11.19280787
  10.27116943  10.14128163  10.16092341  10.71832155  10.41744014
  10.19127388   0.           0.           0.           0.
   0.           0.          89.86622289  25.03459869  60.31910862
 108.67174806 142.19104942 138.00326438 131.38424215 140.
 137.43843467 134.38199563 139.8220663   80.41439296  74.50934572
 113.91967255  72.84137119 120.7652036   61.05338824  36.04481662
   0.           0.           0.        ]
23,[  0.           0.           0.          10.42855148  12.67354689
  12.81948494  10.02745747  10.23942635  12.37229377  13.79587485
  13.41403438  12.27015273  11.07873928  11.12178779  10.04953569
  10.44424602  11.7642563   18.87616556  10.26180292  11.50783386
  10.51358098   0.           0.           0.           0.
   0.           0.          50.67354064  42.77014711  65.56815931
  90.24078801 128.76057365 135.76624213 158.9277982  139.59900458
 176.0810072  156.9428244  116.01442421 132.28543746  92.82250964
  82.01628749  37.63532861 132.39760457  53.04135001  38.89507856
   0.           0.           0.        ]
24,[  0.           0.           6.63035365  10.19595924  11.61399197
  10.85766617  12.62390454  10.98266806  10.31993402  10.43842172
  11.65091892  11.77120791  12.51878457  10.8805191   12.88482844
  10.0660297   10.59722859  10.38777703  10.81996416  10.17395578
  10.01469345   0.           0.           0.           0.
   0.           0.          31.23136495  51.18227883  96.07552251
  93.30314968 124.61585313 162.94837487 148.06857369 141.54599615
 177.30340983 110.86070902 110.05189501  80.49263242 106.23399964
  62.02454937  71.37946102 123.12154099  65.82027879  43.82222503
   0.           0.           0.        ]
25,[  0.           0.           0.          10.01031419  13.08342638
  11.08667014  11.4285714   11.46863387  10.8539248   11.21263959
  10.5374737   11.42183094  10.96048859  11.91349023  12.47331187
  10.71013545   0.          12.24678047  10.80427228   0.
  10.47988744   0.           0.           0.           0.
   0.           0.          83.2947586   58.06624035  52.21374848
 103.39207647 139.12142801 135.30004177 118.92214434 197.4158136
 140.         107.49059782 151.37975475  82.52668813 176.48629537
   0.          90.26864261 163.91919233   0.          49.53573588
   0.           0.           0.        ]
26,[  0.           0.          10.26793527  10.03263922  12.84173669
  15.61740696  13.06548299  10.62894204  15.15457921  11.00467864
  13.25497677  14.67406877  10.74829507  10.01269414  10.24252294
  11.0734989    0.          10.08050701  13.16261468  11.06692493
  10.48776849   0.           0.           0.           0.
   0.          38.20274051  49.47114092  48.52574382  52.99914512
 131.75464232 140.14016304 122.69420213 121.36127719 185.59534758
 188.69347729 126.15577937 125.98730586  85.2227738   83.42653808
   0.          82.27070886 129.83738532  54.59057622  38.15479866
   0.           0.           0.        ]
27,[  0.           0.           0.          16.88394431  13.85864242
  11.61438121  13.14147849  10.25749016  12.61015965  10.42429428
  13.01598863  15.92178449  11.55284594  12.1382782   15.28118944
  11.11854207  10.62771013  10.50123375  11.0354386   11.89257239
   0.           0.           0.           0.           0.
   0.           0.          67.96933167  69.3086807   65.04354953
  97.27631918 128.85733561 131.4579751  130.7521492  140.
 135.80749723 127.44715406 135.30766815 146.98429939  83.88145793
  69.27478276  91.56769754 130.73260519  76.09798811   0.
   0.           0.           0.        ]
28,[  0.           0.          11.12749316  10.18260232   0.
  10.67044494  10.68899241  10.69728331  11.78859019  13.15133294
  14.10270136  12.46851055  14.8890029   12.68042781  10.69617639
  11.3439124   11.17523828  12.83190814  10.23860036  10.64642348
   0.           0.           0.           0.           0.
   0.          63.80668374  75.94149124   0.          69.99130824
  84.97572745 170.44221117 129.66436506 126.82830541 160.36229567
 171.30516026 139.27654374 111.80175539  89.34234256  74.15122085
  74.17991997  71.62343627 144.91403455  83.62113262   0.
   0.           0.           0.        ]
29,[  0.           0.           0.          12.57614603  10.10627103
  11.86909683  11.28723577  11.40441618  10.11103832  13.84359671
  14.80280412  10.19538487  12.26628438  10.68426142  14.00410159
  10.60131557  10.91103168  12.33049187  10.03899793  10.3002176
   0.           0.           0.           0.           0.
   0.           0.         101.87848897 108.44055216  67.00370737
  84.47136407 114.08309009 119.96278232 131.03920717 140.
 137.24034146 109.47834884 180.55803354  99.95801117  72.09163957
  73.76523465  85.03356679 131.60185405  73.09176712   0.
   0.           0.           0.        ]
0,[  0.           0.           0.          10.18817739  12.5639973
  10.92322026  10.24661872  20.14728348  11.16247759  13.05693473
  10.38529724  12.29540306  11.6325318   11.20466818  11.85994354
  12.01656602  10.99885504  11.05635786  11.06800301  10.26809312
   0.           0.           0.           0.           0.
   0.           0.          88.08532548  40.13385763  72.35027609
  75.98114188 132.61753218 132.41946783 132.16298239 136.32984504
 140.         121.80138875 189.84037969  52.54793438  73.59613967
  92.04202318  95.86117853 195.77697919  47.02838017   0.
   0.           0.           0.        ]
1,[  0.           0.           0.          10.13992593  10.72360627
  10.94334567  10.34537907  10.84595     16.18322704  13.74300303
  10.31992915  12.79294571  12.51681038  10.99096293  10.29163006
  10.90397496  10.45320718  14.95740714  11.27873158  10.24090648
   0.           0.           0.           0.           0.
   0.           0.          91.85743618  58.40896985  42.22644002
 118.71900155 113.24171201 129.01750048 121.50453603 140.
 163.78109286 121.04258432 120.75723845  74.89885487  84.04772365
  91.71083674  75.59992438 119.70733121 157.11401165   0.
   0.           0.           0.        ]
2,[  0.           0.          11.16641466  12.26996624  10.26867338
  11.90858495  10.86907052  11.81545057  11.11324096  11.07092302
  11.22777344  10.29665149  10.40321949  10.44626737  11.61295457
  12.30199434  13.5901446   10.15928785  10.6623442   10.32043791
   0.           0.           0.           0.           0.
   0.           6.06203414  52.76138329  33.73687438  67.09141505
 110.72904833 122.69627771 200.23326903 161.33806519 134.75320245
 106.68070489 130.87913966 112.80340402  91.50453847 137.26696196
  57.33587879  88.84071215 135.67974456  75.71095978   0.
   0.           0.           0.        ]
3,[  0.           0.           0.          10.69199183  11.21326467
  10.03326317  19.06663443  10.54033797  10.31764106  13.87001877
  11.40494327  10.58317078  12.15386114  10.45087151  10.13380786
  12.26539845  10.34730811  15.54902764  10.87498982  10.63808201
  14.84798914   0.           0.           0.           0.
   0.           0.          78.15360918  46.69759125  60.54259221
  83.48599979 169.82449403 185.89237969 121.67741574 140.
 140.         119.7561455  117.08982796  84.5650661  103.29796837
  27.84118423  83.96108719 112.18023302  72.86752008  43.2026516
   0.           0.           0.        ]
4,[  0.           0.          14.10319599   0.          10.16157678
  11.29696903  11.03414389  10.09003385  22.28004268  10.09555341
  13.53934421  16.84026053  10.58086445  10.88777434  11.7336608
  12.51695822  12.40542538  13.20957174  10.39164818  10.2496272
  11.40057845   0.           0.           0.           0.
   0.          78.70701345   0.          45.42627896  54.49828598
 130.75106667 168.01091089 119.59865127 132.77524423 108.4558914
 156.20229166 175.77436603  97.32038684 125.45179416  69.6721998
  52.14711671  81.96315756 113.67826573  69.33496703  40.13281559
   0.           0.           0.        ]
5,[  0.           0.           0.          14.44061743  10.53482749
  10.75927104  14.39678203  10.64198173  10.43667404  12.81559526
  10.12420173  10.80106155  16.07962833  10.09255891  10.68935845
  13.4315145   17.86113641  15.06268674  10.26621212  13.75329232
   0.           0.           0.           0.           0.
   0.           0.          49.53390043  39.61199008  68.24072896
  90.39801167 200.85882565 115.69551275 114.16388844 140.
 182.13419412 115.33163275 122.39062316 145.99533727  61.31684182
  68.54007135  76.11169346 126.05616219  89.7033462    0.
   0.           0.           0.        ]
6,[  0.           0.          10.33953974  11.78363649  11.55111136
  11.67041391  12.40014941  10.75146442  10.889498    10.66923955
  10.37096088  11.18180019  13.45213045  14.43563599  10.05485731
  15.24907091  10.19511976  13.40136807  10.43790661  10.39678054
  10.8564758    0.           0.           0.           0.
   0.          65.48520515  50.85840311  34.38564877  37.8599077
 102.33525899 108.558265   143.48762767 141.74150778 146.50136727
 181.40463929 100.66434647  93.71313744 100.8982005   69.08713378
  65.42494348 104.52045721 120.91554512  65.50566399  50.50585534
   0.           0.           0.        ]
7,[  0.           0.          11.59340595  11.82321597  10.72586154
  10.08178603  12.61846501  10.75268104  10.53418974  12.72107605
  10.86185031  10.69987874  11.33920007  10.73229172  11.27090982
  10.56835082  10.48650455  11.01714692  12.98957158  10.51048376
  10.65055941   0.           0.           0.           0.
   0.          24.85546615  72.17814778  42.85505547  65.73644348
  86.5763722  129.77289522 140.85648233 131.31296309 137.14281676
 185.02086063 129.63823471 117.23165599  63.72010517  76.00949236
  95.64330283 100.90373322 107.39802821  65.99994507  24.69390951
   0.           0.           0.        ]
8,[  0.           0.          11.02619745  12.23307896  11.54626948
  11.28306399  16.75177498  11.00691882  10.48263802  10.17850053
  11.16018314  15.51880717  12.26751782  10.40015457  10.15485633
  10.61901625  11.05556208  10.00301922  10.24085363  10.9749692
   0.           0.           0.           0.           0.
   0.          49.5486837   67.5683081   49.22516013  50.04169523
  80.64897303 136.59133362 142.34208565 127.37275904 138.91383604
 145.50905449 145.13715488 180.17605351  65.41261415  75.52928201
  76.17578589  56.62989572 128.87453671 105.39489744   0.
   0.           0.           0.        ]
9,[  0.           0.           0.          19.62721909  15.95896382
  15.81491445  10.76213343  11.80403827  10.50706145  11.10627844
  10.0461556   13.15795508  10.33828595  11.31530697  10.05249171
  11.69307826  14.35694092   0.          13.46489324  11.16107486
  10.23217526   0.           0.           0.           0.
   0.           0.          92.97245552  50.3100083   61.62775509
  94.28573404 127.00720521 165.11918219 167.85224654 129.46352461
 140.         117.20745582 121.8892588  127.13847514 110.79968337
  86.25523423   0.          97.6200348   66.21959081  56.33543905
   0.           0.           0.        ]
10,[  0.           0.           0.          12.29827135  10.59774781
  13.36076258  17.01459238  10.49179678  13.73636056  10.97648672
  12.17060003  15.18248362  10.44865347  11.21423062  12.79913574
  10.89829541  15.43558779  10.8667019   10.72308656  11.89339533
   0.           0.           0.           0.           0.
   0.           0.          50.68242879  90.26510073  64.66269407
  81.36406561 132.92945386 157.29738985 144.09826026 169.64997687
 163.76253898 120.77796066 116.93255442  64.67720387  86.39628684
  47.95020915  78.96965871 144.66261325  86.80898749   0.
   0.           0.           0.        ]
11,[  0.           0.          10.65347789  10.69449374  10.13434805
  10.53477868  10.19555468  10.34916978  10.92391774  10.29786497
  10.72133116  11.53266493  12.81896416  10.50470598  15.98898859
  11.42531401  14.17670987  12.71541025  19.4559187   11.62004041
  10.25147735   0.           0.           0.           0.
   0.          21.34652211  47.48289979  47.99249205  56.59806458
  85.86626084 169.93920476 134.52881137 134.70213503 140.
 137.36704137 125.58869774 137.92144243  74.25257892  59.34232444
  87.67962309  76.45856783 119.86636567  73.04647229  45.97884816
   0.           0.           0.        ]
12,[  0.           0.           0.          12.13378993  10.34114243
  21.07067391  10.47454157  10.66168661  10.90548662  12.16378283
  11.98769426  10.92348345  11.44487695  14.34409489  10.89563866
  12.43368666  10.84517916  10.65960552  10.50053478  10.62543188
   0.           0.           0.           0.           0.
   0.           0.          48.73739269  48.16243705  57.92932609
  95.52545843 184.67103565 133.84103259 126.51063085 150.09892407
 151.00085267 113.44433147 129.58835759  97.98277397  86.11713538
  58.5735695   86.57401859 170.55636041  66.84104348   0.
   0.           0.           0.        ]
13,[  0.           0.           0.          10.27045798  10.9371455
  10.22746291  11.48962944  11.5286453   13.3065994   11.23473991
  10.10499822  13.59605558  12.09259709  10.13395362  10.26550085
  12.27179767  13.06050207  12.30737072  12.27376249  11.84119734
  10.2405407    0.           0.           0.           0.
   0.           0.          46.35057036  36.64516721  72.76351635
 137.88432267 121.54291796 125.90805218 132.97847116 193.43642864
 140.         126.90740291 141.27063947 106.79962625  78.06271167
  75.20453665  88.73574115 113.27272867  61.23362686  39.64960522
   0.           0.           0.        ]
14,[  0.           0.          10.8059332   11.04946803  13.0447369
  12.6090392   12.87845776  10.06429342  12.62925923  13.00532957
  12.07523526  10.86863271  18.73394863  11.33610595  11.8968944
  11.99472537  12.52857306  11.66653446  10.58788149  10.48895518
  10.04281031   0.           0.           0.           0.
   0.          19.96814256  39.83624812  54.15901397  63.94461139
  89.42711513 127.78985805 124.95389317 131.28088158 142.88347887
 136.87873026 125.28599265 124.39915455  79.08029053  83.00527463
  65.97459373  87.33346554 143.45953998  85.78717041  49.68080162
   0.           0.           0.        ]
15,[  0.           0.           0.          12.70849183  11.26068777
   0.          36.77579443  10.1442931   10.38502395  10.8249333
  10.9413602   10.03550732  12.79201762  12.36842861  11.44802635
  11.21316998  11.28926099  11.4485494   10.59754876  11.82005235
  11.5120283    0.           0.           0.           0.
   0.           0.         158.23034106  77.04348322   0.
  65.83189984 136.97093174 154.54497166 133.16342393 147.81549904
 140.         126.20798238 164.90296847  81.74704697 134.178879
  -7.78220978  57.90556812 136.90948929  78.65605973  40.46660813
   0.           0.           0.        ]
16,[  0.           0.          11.0117318   12.16988228  14.24872567
  10.06801339  19.58085857  10.44232253  10.11960965  11.99889912
  14.68786466  10.20439602  14.79843773  11.48029677  10.68949391
  10.59136642  11.69143351  13.43573615  10.04389323  12.32752214
  12.30656436   0.           0.           0.           0.
   0.          33.19776432  52.48837553  44.36193002  65.1882116
  78.91390997 128.55767747 130.17942582 164.98875166 121.09990973
 138.56314806 148.56582757 179.26818949  63.43683827  72.0428888
  53.17115755  80.59630671 108.12626397  70.34498848  38.30064546
   0.           0.           0.        ]
17,[  0.           0.          12.38420653  10.97552405   0.
  12.63021477  10.01372698  11.27759084  10.05273058  14.6154775
  10.69054231  10.14073023  10.40277123  13.92831081  17.73200976
  11.94803312  11.55837968  12.72921043  10.6002378   10.46164649
   0.           0.           0.           0.           0.
   0.          -1.76255539 130.56485797   0.          69.0576271
  93.54397385 115.22244633 134.87951827 189.57315719 181.21000193
 169.78786383 100.08012086 119.42516718  71.78509191  78.64914398
  60.47110201 109.83633913 129.1780585   93.62787682   0.
   0.           0.           0.        ]
18,[  0.           0.           0.          12.40918749  11.00585267
  10.15274823  15.03648172  11.54416241  10.79864192  10.44921445
  11.68498788  12.35169943  10.41530676  10.93429819  11.78653049
  12.41644447  10.01670038  10.55706164  11.68929748   0.
  10.20820535   0.           0.           0.           0.
   0.           0.          89.39253596  41.4930336   62.60675422
  99.35644406 121.455911   141.94833421 188.0998796  125.47861921
 140.         163.72709717 184.80770965  85.24423026  82.58355553
  61.2420792   94.78592193 100.9486831    0.          50.9790202
   0.           0.           0.        ]
19,[  0.           0.           0.          12.08842615  10.58433001
  15.17422053  11.99844258  17.12564026  10.68939595  10.2547408
  11.05796847  11.50852219  12.10055722  11.84226386  12.83739415
  12.99927974  10.47030413  10.30907898  12.39525453  12.37677626
   0.           0.           0.           0.           0.
   0.           0.         100.03098993  41.76188524  59.69305906
 146.48618443 121.32467175 125.29292021 128.49157541 140.23500875
 188.51239278 125.67302334 109.12058803  43.62471091  83.77583633
  68.3885334   97.30660924 130.80131363  99.39302001   0.
   0.           0.           0.        ]
20,[  0.           0.           0.          10.91102634  10.42968277
  13.55594768  10.12811512  17.96638335  11.25596873  12.85714016
  10.11739682  11.40566238  12.06075691  11.30129249  10.12088923
  12.2024092   11.38237696   0.          10.00137065  10.11562693
  11.08180755   0.           0.           0.           0.
   0.           0.          56.06622767  28.92425376  72.11360455
 111.21332041 148.73748339 135.76653876 132.14285984 196.61974307
  95.87355728 187.9259765  118.54096719 162.90143215  72.72874804
  59.27882099   0.         145.58352425  55.95368803  50.19371302
   0.           0.           0.        ]
21,[  0.           0.           0.          10.98403146  10.47002882
  12.47062977  12.24667207  10.5506247   14.33163936  11.32407333
  10.0957298   10.01532417  10.87035208  17.148693    14.54464476
   0.          11.38941913  11.18619055  10.33017657  11.1665199
  12.22480498   0.           0.           0.           0.
   0.           0.          60.90857256  28.1871178   68.805964
 149.96549456 126.28928323 152.0904877  133.67592667 147.41308629
 115.63485338 143.89272847 192.51779008 111.53986983   0.
  67.13621321  67.76771508 132.88134157  78.663172    40.31175182
   0.           0.           0.        ]
22,[  0.           0.           0.          11.151381    10.15085661
  13.83726708  20.82204772  10.3643124   10.98731708  12.71453535
  13.49857263  10.19625406  13.03196833  10.22892292  14.07364361
  12.97529529  11.73846263   0.          13.45189014  10.81038815
   0.           0.           0.           0.           0.
   0.           0.          92.32330461  41.57058268 109.40941403
  96.18061997 108.84155655 182.56758492 143.24022176 137.74681662
 136.8026549  124.19598539 103.2695339  113.24892197  77.37823309
  96.77218052   0.         160.93164281 115.84316625   0.
   0.           0.           0.        ]
23,[  0.           0.           0.          11.65688061  10.55876695
  11.47987082  11.57123117  10.05550268  13.71325339  10.5134288
  11.96746345  11.74850551  10.07296297  10.905118    10.09440755
  10.19739429  10.23401852  22.92125206  12.58122886  11.66198684
   0.           0.           0.           0.           0.
   0.           0.          40.08023389  48.44074649  84.80745306
 105.29937489 135.36043479 135.28057834 132.59947115 163.30484902
 185.74678154 128.92703703 117.28666476  78.80765565  81.3687508
 126.6378136   61.04975933 108.85999445  70.90420943   0.
   0.           0.           0.        ]
24,[  0.           0.          10.65792068  10.14336008  10.97279865
  11.63078422  10.5621052   12.54491141  14.73222924  10.67983151
  10.3034036   12.18876705  10.06296677  10.87631916  15.85962651
  10.66360204  11.73504196  10.31565257  10.6647615    0.
  10.34199146   0.           0.           0.           0.
   0.           0.          51.67553969  37.29352243  63.0519924
  98.13741354 154.99950314 144.01101082 143.00961305 139.64735024
 166.47533325 148.93788168 165.10923981 103.11663786  68.07071417
  70.1842076  109.03959577 107.97592355   0.          38.1217927
   0.           0.           0.        ]
25,[  0.           0.           0.          10.01031419  20.25913042
  10.01748519  11.4285714   13.50483502  10.8539248   10.97347307
  14.12103025  13.45295035  10.40589903  20.22662096  11.28468064
  11.87147399  13.58526304  12.51027172  11.20181588   0.
   0.           0.           0.           0.           0.
   0.           0.          80.14180179  31.84852054  53.18962465
  94.5714286  218.79066228  95.31591368 156.31174314 154.61696182
 137.71134439 108.01686948 111.22515467 116.5959515   88.9123767
 145.90766036  82.72321068 153.73349881   0.           0.
   0.           0.           0.        ]
26,[  0.           0.           0.          12.16746915  13.55060721
  10.32152506  12.63357891  12.41513853  15.15457921  11.1578971
  13.39753098  12.41468366  10.55666184  10.08139684  10.18593792
  11.78718166  11.2552055   10.08050701  11.52907828  10.24517726
  10.06137349   0.           0.           0.           0.
   0.           0.         101.25348851 148.43704263  80.19500771
  69.86986181 109.1766826  129.29651064 133.34387355 127.50648852
 135.63904299 112.4513244  123.45087322  68.85715182  53.90375589
  80.2135083   89.43034791 117.95081478  75.05543537  48.21255588
   0.           0.           0.        ]
27,[  0.           0.           0.          15.70903676  15.4307988
  12.00407073  13.79151145  10.4023076   15.49635367  10.42429428
  12.84520115  11.02305777  11.10269843  10.3075436   10.91799489
  11.11854207  13.06882637  11.40823922  10.46094795  13.41586152
   0.           0.           0.           0.           0.
   0.           0.          47.24325735  40.5692012   61.52677171
 112.67782221 138.21566436 134.32473247 170.476838   140.
 143.88053299 171.82584262 108.06713171  79.71881056  74.86658157
  70.84410258  98.60336899 148.31017628  71.58413848   0.
   0.           0.           0.        ]
28,[  0.           0.          11.07690516  11.20171579  17.37206471
  11.12434799  10.33058971  10.01262352  10.75686779  11.28995147
  10.22259379  11.45569477  11.60271355  11.04225835  10.08839393
  10.41804353  13.26920515  11.85402697  11.11949904  10.72238152
  11.8623981    0.           0.           0.           0.
   0.          10.88844542  21.90765298  35.88303798  64.68837033
 153.74254912 128.30271669 153.67896906 160.30275118 119.73801557
 125.03789572 117.45898213 184.58315359  99.24777615 111.3307218
  53.81528024  71.18092994  74.04621163  66.37464049  50.1376019
   0.           0.           0.        ]
29,[  0.           0.           0.          10.4823909   14.7685179
  10.48392101  10.77251564  11.26776284  11.84987553  10.43654738
  12.5634619   13.19323225  11.243665    11.3476198   10.84000937
  11.3361359   11.09424536  12.33049187  12.21868331  11.06026058
   0.           0.           0.           0.           0.
   0.           0.          44.36893222  39.22532979  67.01495739
 106.5941086  121.73516176 175.71332805 148.50011566 170.86273934
 142.4701771  120.78887908 124.36038878  81.52845473  79.02348463
 102.68302416 112.30134649 114.95583407  57.84049195   0.
   0.           0.           0.        ]
