0,[  0.           0.          10.08870408  10.04684396  10.44034205
  10.37512485  10.28126462  10.24158598  10.22954651  10.04201035
  10.04224221  10.23726969  10.02901983  10.00126851  10.18991499
  10.06614948  10.01452857  10.03790214  10.02660584   0.
   0.           0.           0.           0.           0.
   0.          22.19383965  19.05706504  39.69381164  70.71470233
 189.96678465  95.85453851  97.1155805  226.97670229 176.98296982
 164.33262835  98.94813111 174.18808938 102.73339457  67.38503569
  88.08909988  74.69795566 162.72030975   0.           0.
   0.           0.           0.        ]
1,[  0.           0.           0.          10.00549118  10.47261679
  10.03685301  10.25745371  10.48780701  10.06443356  10.28162997
  10.15187711  10.01982375  10.19662935  10.14683057  10.08625361
  10.20825317  10.11109403  10.25728977  10.19046418   0.
  10.00538434   0.           0.           0.           0.
   0.           0.         135.90833401  29.79472015  55.96264876
 145.01522223  99.68892937 123.3969846  123.21101347 146.44200893
 174.27223532 116.36273727 183.86623545  89.93917769  88.48893243
  70.31019982 104.79714834 140.73649568   0.          41.31530434
   0.           0.           0.        ]
2,[  0.          10.7114541   10.4528023   10.06354664   0.
  10.27128233  10.04221527  10.00364169  10.00193467  10.13134216
  10.27357504  10.29389304  10.19996325  10.01067522  10.08715898
  10.19716486  10.09344992  10.02644314  10.14936916  10.06589013
   0.           0.           0.           0.           0.
  39.79440068   6.92801325  32.97560842   0.         115.17887243
  81.33758117 187.61967644 151.38483724 131.583415   178.56785549
 118.21344366 183.75362719 121.84821677  -4.56004343  81.91053798
 143.57974164  77.98828622 128.04908285  86.18183011   0.
   0.           0.           0.        ]
3,[  0.           0.          10.0927511   10.00405936  10.09690841
  10.04084391  10.0869541   10.14421925  10.26994503  10.01093293
  10.02538205  10.03233286  10.05208437  10.07379734  10.07636965
  10.01575332  10.03002094  10.0885249   10.05785054  10.09987525
  10.03526343   0.           0.           0.           0.
   0.          65.29312301  60.57467979  32.91407723  31.61838468
  77.89185651 192.4815626  235.97493271 101.38168385 138.09130429
 152.15914932 129.22174629 112.45964179  72.66339674  44.75417794
  43.83791623  82.84904949 153.73815642  52.67129067  51.38541454
   0.           0.           0.        ]
4,[  0.           0.          19.41074642  14.01457777  10.74655707
  10.07115829  10.11874374  10.82226765  10.01292284  10.02067729
  10.13729422  10.06828349  10.33553078  10.03267483  10.05861435
   0.          10.11670449  10.04166416  10.32732338  10.01651996
   0.           0.           0.           0.           0.
   0.           9.73229262  16.12404373  34.81217729 153.99965207
 106.20799886 149.63134097 125.2860649  123.57654072 223.94761906
 140.04362073 204.80418208 114.59574722  68.15669314   0.
  13.99900605  94.12892204 168.24173699 119.98721259   0.
   0.           0.           0.        ]
5,[  0.           0.          10.30527669   0.          10.05561606
  10.2942674   10.00153115  10.13750262  10.07543366  10.21898033
  10.00148244  10.20900023  10.37016458  10.20669629  10.89134492
  10.04044741   0.          10.01901613  10.0042997   10.04636766
  10.55371526   0.           0.           0.           0.
   0.          56.30854096   0.         108.58838419 170.68252346
  87.14706142 108.51776564 181.13578076  84.90120425 187.06250387
 183.47288758 115.20779525 180.34772222  36.81725459  43.11742083
   0.          91.52683007 146.87444277 100.56911463   7.20016041
   0.           0.           0.        ]
6,[  0.           0.          10.06173154  10.12678247  10.06915529
  10.01087354  10.40446797  10.00391685  10.17136831  10.190513
  10.215504    10.00024225  10.22992697  10.42688809   0.
  10.00936901  10.36023788  10.00801097  10.02416702  10.17275622
   0.           0.           0.           0.           0.
   0.          12.84682167  51.46155615  69.88640909  62.37742529
  57.04042164 199.27556191 172.16718114 155.03832362 207.3764729
 146.1509109  126.80157819 133.59715736   0.          79.70241535
  72.2545924  117.79456062 205.0489532   -2.0550412    0.
   0.           0.           0.        ]
7,[  0.           0.          10.0041036    0.          10.50563332
  10.07751267  10.01567238  10.0679076   10.36187591  10.01502827
  10.02879658  10.24940183  10.07714865  10.14796901  10.17463772
  10.33742617  10.02357541  10.74739966  12.96493705   0.
   0.           0.           0.           0.           0.
   0.          91.81551383   0.          84.20318753  82.21363262
  85.95561859 129.1660483  120.61016874 168.9664018  173.2681693
 109.61180832 177.16049663 112.56519583  90.98149335 178.22702697
  68.91196558  91.65137559 118.34240315   0.           0.
   0.           0.           0.        ]
8,[  0.           0.          10.24038006  10.10422942  10.1115894
  10.00525057  10.01319349  10.05771027  10.02340664  10.08824074
  10.04422458  10.28673588  10.103468    10.02743965  10.32808127
  10.06262512  10.10395287  10.00575917  10.0004999    0.
  10.27981407   0.           0.           0.           0.
   0.           0.35279407  41.23067053  45.1177388   57.83087851
  94.05652024 132.05945757 139.33014791 158.01875493 149.10095297
 155.71006967 165.83533295 119.70708316  92.77401362  77.7490266
 145.13029603  91.28175998 112.85776051   0.          48.66184257
   0.           0.           0.        ]
9,[  0.           0.          10.03294154  10.05632762  10.11414591
  10.09103935  10.00177059  10.03967653  10.37527966  10.04167527
  10.10108319  10.14596067  10.06784553  10.07066789   0.
  10.02252745  10.00001504  10.13948945  10.17262336  10.06271399
  10.1222093    0.           0.           0.           0.
   0.          32.53448316   0.34748629  45.03656806  73.3382067
 184.26744983 242.04131848 142.48097608 135.48678712 135.30914004
 147.5040675  101.47235585 135.5860042    0.          73.66084306
 154.50954169  45.80818655 135.87764502  43.29014187  31.76814654
   0.           0.           0.        ]
10,[  0.           0.          10.1273415   10.23200516   0.
  10.05808715  10.17767966  10.0623897   10.10135886  10.26037744
  10.01384803  10.17609456  10.1080613   10.01615955  10.1425015
  10.24647293  10.15196717  10.0000679   10.00036995  10.05741021
   0.           0.           0.           0.           0.
   0.          84.27387106  61.72706037   0.         123.04453606
  98.49939335 100.29647839 142.87896786  92.78779609 218.97818187
 130.37410701 165.50285549  83.74711566  89.49161348  78.0582103
  76.13525474  94.12494267 154.23775726  65.58584923   0.
   0.           0.           0.        ]
11,[  0.           0.          10.1095708   10.06829837  10.31338325
  10.02273756  10.18540406  10.04293052  10.30953019  10.15768972
  10.21109871  10.00548732  10.0097842   10.04593924  10.01389161
   0.          10.01161545  10.29209412  10.16548947  10.2701656
   0.           0.           0.           0.           0.
   0.           0.23837939  46.36240828  27.99133824 171.97876355
  63.32206724 202.19036905 114.88965287 175.84647868 189.6126216
 180.74802138 117.3806902  118.8421088   56.38691257   0.
  86.44865401  92.31174737  85.48598364 151.02518418   0.
   0.           0.           0.        ]
12,[  0.           0.          10.06399061  10.05995074  10.08714628
  10.05619515  10.29248697  10.02979165  10.00090475  10.06405982
  10.08291812  10.00274212  10.02928127  10.02004936  10.25527807
  10.00384755  10.09260939  10.1245085   10.03623933  10.00019976
   0.           0.           0.           0.           0.
   0.         123.30762185  61.53181194  57.09701792  68.07590236
  82.26954499 139.78623609 136.54104061 134.84646436 142.72656482
 199.41623981 101.35311025 105.53596622 148.48585047  41.40141385
  61.42348405  64.38958173 110.82008661  65.12164034   0.
   0.           0.           0.        ]
13,[0.00000000e+00 0.00000000e+00 1.01742320e+01 1.05150353e+01
 1.00605126e+01 1.01994293e+01 1.01352678e+01 1.00480452e+01
 1.01789208e+01 1.00523107e+01 1.01865305e+01 1.01411052e+01
 1.00739020e+01 1.00240640e+01 1.03550987e+01 1.01294305e+01
 0.00000000e+00 1.00794553e+01 1.03562770e+01 1.00437305e+01
 1.02225587e+01 0.00000000e+00 0.00000000e+00 0.00000000e+00
 0.00000000e+00 0.00000000e+00 5.86934961e+01 5.09788652e+01
 3.46078514e+01 4.78357127e+01 1.57325574e+02 1.31537428e+02
 1.44374412e+02 1.85157980e+02 1.03774106e+02 2.59434728e+02
 6.33367023e+01 1.27894045e+02 4.72485662e+01 1.99177424e+02
 0.00000000e+00 8.50456566e+01 8.38754725e+01 9.11329022e+01
 1.35555187e-01 0.00000000e+00 0.00000000e+00 0.00000000e+00]
14,[  0.           0.           0.          10.07613888  10.02769257
  10.00862612  10.00059232  10.02464442  10.00163888  10.06281651
  10.11990916  10.00235863  10.000908    10.30122555   0.
  10.12742041  10.06049553  10.00295026  10.03399455  10.66057722
   0.           0.           0.           0.           0.
   0.           0.          64.58566462  78.87892905  43.54312644
  96.13753058 219.09243993 131.02704448  96.45985979 132.48561816
 253.10364997 135.72136029 155.5489718    0.          80.69914205
  72.57683258 163.23248263 113.21268468  48.4941166    0.
   0.           0.           0.        ]
15,[  0.           0.           0.          10.01600737  10.44917612
  10.35874355  10.07869523  10.01228038  10.20598283  10.01958672
  10.07124504  10.00205765  10.07429301  10.2225756    0.
  10.11877245  10.1173554   10.00180142  10.06303434  10.16218143
  10.04490981   0.           0.           0.           0.
   0.           0.          57.72712558 136.6608642   13.11722873
  96.06698475 143.00002246 233.33003449 110.96526262 155.54060937
 215.34444432 157.5768203  133.90102206   0.          38.54178202
  70.00348359  84.33521609 109.71114786  60.45299086  49.61413244
   0.           0.           0.        ]
16,[  0.           0.          10.02047748  10.56200293  10.14101993
   0.          10.03859329  10.21132709  10.05355199  10.34972661
  10.0342071   10.00257789  10.02717314  10.0323956   10.13236366
  10.05194098  10.13833597  10.04177833  10.21902715  10.00806357
   0.           0.           0.           0.           0.
   0.         102.57013844  49.52514704  65.97102662   0.
  88.01740695 162.12671488 163.26618126 124.47046879 101.42577744
 187.54444234 148.21060997 113.11718524 118.74324998 107.63107547
  84.37595837  63.33300456 130.00507201  53.97175527   0.
   0.           0.           0.        ]
17,[  0.           0.          10.03409782  10.0268405   10.0159808
  10.01596738  10.00174535  10.0009745   10.06021542  10.00272435
  10.06740282  10.00886088  10.18204138  10.12127758  10.16460448
  10.03998385  10.31183097  10.01453628  10.02058242  10.01223024
  10.05981595   0.           0.           0.           0.
   0.          55.48065483  42.05386145  63.49460522  50.32371885
 115.96681776 116.51520904 155.21291347 143.35762071 134.89406785
 143.24274634 198.18124515 111.1931288   57.75389348  43.31889527
  44.82397671  87.50351231 142.88181481  70.02282369  46.6432703
   0.           0.           0.        ]
18,[ 0.00000000e+00  0.00000000e+00  1.00552915e+01  1.00121973e+01
  1.00212268e+01  1.00062995e+01  1.00146608e+01  1.01201127e+01
  1.00486006e+01  1.01773143e+01  1.00854962e+01  1.00212747e+01
  1.00022639e+01  1.00458574e+01  1.01586310e+01  1.00026639e+01
  1.00010725e+01  1.00805333e+01  1.00132969e+01  1.00710006e+01
  1.01177305e+01  0.00000000e+00  0.00000000e+00  0.00000000e+00
  0.00000000e+00  0.00000000e+00 -1.84550726e-01  8.51768181e+01
  8.63273018e+01  5.98737325e+01  7.40069919e+01  1.10841502e+02
  1.94112969e+02  1.22804413e+02  1.51389661e+02  1.80535976e+02
  1.07446155e+02  1.27211605e+02  7.07463459e+01  7.00376814e+01
  6.93092949e+01  8.32532056e+01  1.34362369e+02  6.96740545e+01
  2.13020040e+01  0.00000000e+00  0.00000000e+00  0.00000000e+00]
19,[  0.           0.           0.          10.06556954  10.02928849
  10.04290005  10.00234537  10.25127976  10.37251674  10.01488862
  10.06193952  10.52561927  10.01713865  10.55607732  10.01107082
  10.01169261  10.07003582   0.          10.0227743   10.20085154
   0.           0.           0.           0.           0.
   0.           0.         124.29625187  23.92194314  73.9728659
  87.68631019 177.57005676 133.21432776 120.5331902  140.04174217
 206.62431763 135.38721294  99.42664046 116.98694067  61.65242169
 146.02233414   0.         126.67127734 107.22493648   0.
   0.           0.           0.        ]
20,[  0.           0.           0.          10.21883608  10.12857941
  10.22482813  10.20864961  10.18062071  10.16296469  10.15302289
  10.02650762  10.10444201  10.22023683  10.14861048  10.4167041
  10.06992359  10.05450504  10.12123022  10.48346224  10.19665314
  10.03995063   0.           0.           0.           0.
   0.           0.          56.11844038  46.65756957 131.59033859
 101.84842618 196.96492838 147.08909126  87.07152779 189.74081331
 125.83818763 211.61405291  97.84926478  66.08650651  82.03898104
   9.48713592  95.85050495 135.07628148  73.09546706  -4.87457337
   0.           0.           0.        ]
21,[0.00000000e+00 1.00367773e+01 0.00000000e+00 1.00668630e+01
 1.00894187e+01 1.00067422e+01 1.00377775e+01 1.20729651e+01
 1.00012791e+01 1.00549209e+01 1.01338652e+01 1.03910164e+01
 1.18945260e+01 1.02970211e+01 1.01248796e+01 1.00486873e+01
 1.00403063e+01 0.00000000e+00 1.02535029e+01 1.02082999e+01
 0.00000000e+00 0.00000000e+00 0.00000000e+00 0.00000000e+00
 0.00000000e+00 2.51724914e+01 0.00000000e+00 2.57853057e+01
 5.54162494e+01 5.95287759e+01 1.30810098e+02 1.60273993e+02
 1.19992294e+02 1.62356072e+02 1.93038157e+02 1.56638297e+02
 1.44357374e+02 1.12075281e+02 1.75225897e+02 7.92438260e+01
 1.66698888e-02 0.00000000e+00 1.39027089e+02 1.29122795e+02
 0.00000000e+00 0.00000000e+00 0.00000000e+00 0.00000000e+00]
22,[  0.           0.          10.08846034  10.034255     0.
  10.1799256   10.16249434  10.05759568  10.03573999  10.09972602
  10.20732333  10.03239688  10.10355572  10.02504504  10.01814043
  10.00352331  10.00062183   0.          10.05412147  10.02239463
   0.           0.           0.           0.           0.
   0.          41.47207482 141.28662767   0.          52.08357275
  88.20837686 154.23970375 194.55127673 138.58854397 151.79895446
 174.35890933 127.73937079 137.46927152  91.31395474  95.61957612
  44.19002883   0.         155.8751928   84.46674062   0.
   0.           0.           0.        ]
23,[  0.           0.           0.          10.12761031  10.10795218
  10.11562283  10.03281539  10.03192196  10.02927852  10.01459636
  10.19240669  10.02953591  10.27424799  10.02199916  10.00810575
  10.00256897  10.12944284  10.01799979  10.03656787   0.
  10.15348721   0.           0.           0.           0.
   0.           0.          74.83158602  44.07122336  84.63759715
 109.47190578 119.16618693 255.54411424 169.77485024  86.22637165
 102.46977727 174.03780595 114.76293946  69.65439605 120.20136398
  68.94838118  81.06633353 162.50338293   0.          32.96411067
   0.           0.           0.        ]
24,[  0.           0.           0.          10.01880486   0.
  10.01981085  10.1451012   10.31449751  10.04556665  10.01857886
  10.04913416  10.01396687  10.1446609   10.01397864  10.0051828
  10.01271043  10.09025247  10.0006137   10.02365154   0.
   0.           0.           0.           0.           0.
   0.           0.         152.9518773    0.          63.38453469
  69.11435067 189.74165137 230.68883408 131.380454   148.90954066
 143.62386782 113.64695681 108.43954651 110.82997283  73.90881395
 135.40876168  95.35633325 127.09395437   0.           0.
   0.           0.           0.        ]
25,[  0.          10.00024626   0.          10.01128812  10.28833551
   0.          10.18654491  10.00354937  10.23918912  10.13406257
  10.06286993  10.04103056  10.03888261  10.20742574  10.17067733
  10.16275047  10.05507533  10.01806601  10.1276888   10.07361131
  10.22553029   0.           0.           0.           0.
  80.86598725   0.         101.15759419  -1.81084148   0.
 161.59695104 156.43590364 125.71842414 252.52965872 143.98504413
 129.36320861  70.69536782 127.46058471  61.4746726   89.72045286
  93.22347304  77.66412355  75.16262827  70.31005277  51.17393702
   0.           0.           0.        ]
26,[  0.           0.          10.28578106  10.01197455  10.24622699
  10.00110593  10.16388251  10.01601908  10.02540706  10.0003066
  10.10763665  10.00589896  10.05410368  10.02449783  10.00592942
  10.20302799  10.08006052  10.22973737  10.16529237  10.001764
   0.           0.           0.           0.           0.
   0.          23.28156347  58.3852845   46.68945791  90.18362421
 125.53781717 134.84860279 136.92024395 145.50876304 169.3044088
 151.06579893 153.44970734 129.21340327  71.67591354 107.42574889
  22.33211706  74.53704995 122.39727008  62.53050933   0.
   0.           0.           0.        ]
27,[  0.           0.          12.10616169   0.          10.06556604
  10.02718712  10.21595947  10.13106505  10.52204568  10.86901641
  10.19638657  10.0718729   10.09054102  10.75834297  10.04164697
   0.          10.03522577  10.11140341  10.1596114   10.05147663
  10.1854642    0.           0.           0.           0.
   0.         114.2569707    0.         133.12436291 132.86007384
  98.35196336 103.47159771 136.40217219 129.36567516 163.2391288
 159.34255784 153.21923258  83.88299073  52.32144149   0.
  69.6936328   84.90976001 141.73374327  90.3670263   31.48210537
   0.           0.           0.        ]
28,[  0.           0.          10.07350664  10.23151575  10.89427396
  10.22726458  10.82632982  11.10154272  10.44948294  10.30663332
  10.89040565  10.09815931  10.16524173  10.70529554  10.60551816
  10.01983209  10.00645935   0.          10.38909051  10.00254447
   0.           0.           0.           0.           0.
   0.          50.24611674  50.93098643  26.50549453  80.14976678
  73.98621138 136.4913447  123.34750414 172.17093154 129.69384058
 146.50433086 160.89633917 134.89230734 176.95935398  60.88232657
 143.69868217   0.         132.25987304  99.50762369   0.
   0.           0.           0.        ]
29,[  0.           0.          10.03920922  10.23875106   0.
  10.15012138  10.11279101  10.00290981  10.198524    10.04628152
  10.01260895  10.07513763  10.27957863  10.0410319   10.00386064
   0.          10.00184404  10.07372471  10.01809051  10.00030346
   0.           0.           0.           0.           0.
   0.          99.99981145 111.61213129   0.          70.01774254
  74.52608037 195.13495415 178.88216542 128.30801095 169.5107247
 161.93944225 116.65795374 132.2457174   82.47175958   0.
  82.20198545  78.65310704 155.7778236   70.36876043   0.
   0.           0.           0.        ]
0,[  0.           0.           0.          10.07048249  10.01519621
  10.35032794  10.26099836  10.01156208  10.04989842  10.02013822
  10.097228    10.38375417  10.09886647  10.0327187   10.08625302
  10.56060936   0.          10.23835607  10.31115339   0.
  10.01197564   0.           0.           0.           0.
   0.           0.          42.76473864  57.64260538 170.84593184
 100.26478378 107.25806359 147.2008909  158.74128902 157.37941342
 136.29673938 199.72642882 106.65676828 109.02203916  98.911729
   0.          81.44697015 156.89724209   0.          58.9944009
   0.           0.           0.        ]
1,[  0.          10.01132804  10.17928511  10.50008077   0.
  10.07288887  10.30320005  10.01864381  10.0838064   10.36813566
  10.00340811  10.09818378  10.00185295  10.01641526  10.10041438
   0.          10.00022296  10.00615168  10.37563975  10.00047459
  10.11959144   0.           0.           0.           0.
  90.95779109  31.67319357  50.16447752   0.          79.26363127
  71.99694848 146.51546996 125.48707132 110.68599401 174.56560827
 173.24985481 166.01574591 130.09800805 129.91913918   0.
  48.19689409  76.73097879 115.46843725  78.13033154  47.72025451
   0.           0.           0.        ]
2,[0.00000000e+00 1.15216211e+01 1.00534857e+01 1.04011295e+01
 0.00000000e+00 0.00000000e+00 1.06170095e+01 1.02152689e+01
 1.00317060e+01 1.00788051e+01 1.00889432e+01 1.00681500e+01
 1.00240982e+01 1.00496982e+01 1.01530475e+01 1.06973302e+01
 1.07025536e+01 1.04302466e+01 1.00984266e+01 1.01661764e+01
 0.00000000e+00 0.00000000e+00 0.00000000e+00 0.00000000e+00
 0.00000000e+00 8.35132503e-02 1.39761894e+02 3.52011235e+01
 0.00000000e+00 0.00000000e+00 9.49244972e+01 2.14414683e+02
 1.20981771e+02 8.56798743e+01 1.71791739e+02 2.16408049e+02
 1.34131477e+02 2.09907576e+02 7.06922523e+01 6.56799197e+01
 5.28148741e+01 8.87373355e+01 1.26510618e+02 1.04659339e+02
 0.00000000e+00 0.00000000e+00 0.00000000e+00 0.00000000e+00]
3,[  0.          10.02968975   0.          10.00518677  10.09359009
  10.04504723  10.32068791  10.33521184  10.70294965  10.09977388
  10.22222937  10.00977418  10.17959051  10.07408958  10.03561311
  10.10674691  10.02802007   0.          10.13596957  10.24724264
  10.13007415   0.           0.           0.           0.
  -0.38303171   0.          70.42012244  54.9157471   40.50356893
  86.67705405 153.55955108 161.8694887  248.67033196  72.91702458
 203.00775438 128.02978859 202.87377642  81.69911242  67.81663414
  64.4767966    0.         105.28257375  69.81353038  44.94979408
   0.           0.           0.        ]
4,[  0.          10.28820508   0.          10.65561719  10.04510205
  10.84328388  10.36071985  10.23662295  10.14617721  10.08979628
  11.29517637  10.13852125  10.05700292  10.00289184   0.
  10.45210446  10.01688115   0.          10.18614112  10.43857965
  10.23995902   0.           0.           0.           0.
  -4.81934141   0.          79.88561056 143.97583129  70.54518129
  76.69433581  88.67566832 159.56768377 128.68299514 169.74867135
 143.44480099 221.88172548 116.44512099   0.          74.46067962
 142.92678635   0.         142.85929121  65.85653903  50.29813356
   0.           0.           0.        ]
5,[  0.           0.           0.          10.04628714  10.1837342
  10.19785126  10.01133738  10.03192129  10.0027858   10.01953811
  10.18083704  10.51702154  10.04607642  10.11592647  10.52180183
  10.05098823  10.15144364  10.0024324   10.00015753  10.80006409
   0.           0.           0.           0.           0.
   0.           0.          79.74044541  28.12359666  79.19037221
 126.34625231 162.47071063 146.51818744 159.16350941 212.07616986
  98.51913141 124.18267494 131.48359612  68.7478723   50.92236666
  51.74877369  89.38944534 133.9811775  111.41107307   0.
   0.           0.           0.        ]
6,[  0.          10.13852516  10.02243249   0.          10.44131581
   0.          10.1323583   10.31762245  10.14459842  10.00666601
  10.09593326  10.06426153  11.64542238  10.07164113   0.
  10.09382411  10.15907482  10.26383691  10.11213335  10.31745278
   0.           0.           0.           0.           0.
 120.27284343  30.25935321   0.          30.33295702   0.
 128.07456082 156.31319206 208.11630672 155.18264292 153.24481166
 166.90983689 142.29038246 106.8418055    0.          68.19337347
 110.70617916  85.00817714 148.42811165  75.03595261   0.
   0.           0.           0.        ]
7,[  0.           0.           0.          10.07805886  10.05278348
  10.00272906  10.03562312  10.08335444  10.44612415  10.02497179
  10.36972672  10.20203735  10.07151132  10.36499491  10.32421221
  10.15319625  10.10102642   0.          10.39815165  10.49099502
  10.19622086   0.           0.           0.           0.
   0.           0.         108.65072918  -5.27625439  68.06927353
 200.08876198 125.17549311 166.95585585 150.28351034 126.97356553
 213.34202406 105.48040314 104.59354266 129.62592302  53.94383614
  95.85040745   0.         115.27523239  58.67869958  51.73836676
   0.           0.           0.        ]
8,[  0.           0.          10.00579157  10.00944546  10.19672745
  10.13439075  10.45594417  10.03113241  10.26017008  10.06239046
  10.1971704   10.04725601  10.16642755  10.04493052  10.02663356
  10.00283459  10.00230429  10.1663307   10.00940915  10.0930037
  10.04876958   0.           0.           0.           0.
   0.          45.79382548  78.14026282  85.91486011 121.69819507
 107.63094747 115.02006473 114.44667396 148.09069844 144.84141626
 136.400133   101.11238403  95.73732318  86.61701727  55.83440913
  69.09503349  59.99994376 135.39821387  76.16856105  49.77434872
   0.           0.           0.        ]
9,[ 0.00000000e+00  0.00000000e+00  1.00730630e+01  1.00384921e+01
  1.00647477e+01  1.00480286e+01  1.02712208e+01  1.02080748e+01
  1.05215936e+01  1.03580188e+01  1.01671048e+01  1.05072087e+01
  1.04987013e+01  1.02227815e+01  1.02030719e+01  1.00390937e+01
  1.03582913e+01  1.01252366e+01  1.00019849e+01  0.00000000e+00
  0.00000000e+00  0.00000000e+00  0.00000000e+00  0.00000000e+00
  0.00000000e+00  0.00000000e+00 -1.37752167e-03  4.27072408e+01
  3.31506491e+01  1.06307449e+02  9.92537910e+01  1.34833223e+02
  1.65880769e+02  1.85266783e+02  1.81640194e+02  1.35455560e+02
  1.30241720e+02  1.85952231e+02  7.65379099e+01  8.82676624e+01
  5.24478502e+01  1.06783016e+02  1.41925404e+02  0.00000000e+00
  0.00000000e+00  0.00000000e+00  0.00000000e+00  0.00000000e+00]
10,[  0.          10.00330119   0.          10.00954031  10.0487493
  10.09108348  10.21486218  10.20640964  10.33111899  10.02709071
  10.39278536  10.00770204  10.47050925  10.04377873  10.269106
  10.00014763  10.05578175  10.06973695  10.1872515   10.00000705
   0.           0.           0.           0.           0.
  31.09176857   0.          74.33753436 113.27047355  42.07620384
 114.3572506  105.84346096 186.12281399 175.56291052 144.50809467
 123.86938781 169.82757138  63.93720225  78.30120065 157.96074577
  67.94025457  68.04843231  75.917047    68.97774242   0.
   0.           0.           0.        ]
11,[  0.           0.          10.00564531  10.02266848  10.00038536
  10.46452149  10.01213179  10.26071416  10.22522428  10.29994848
  10.13654847  10.10019775  10.04083     10.32327144  10.11730933
  10.00442214   0.          10.00479367  10.01576792  10.42958702
  10.03713748   0.           0.           0.           0.
   0.          62.628172    50.67198917 101.68508857  33.35052983
  75.21771094 114.51981071 122.9467656  100.81837259 165.7964313
 153.54155625 138.32972289 107.93452227 165.31085036 132.80401527
   0.         103.27935256  96.06565714 137.40827071  -2.26243919
   0.           0.           0.        ]
12,[ 0.00000000e+00  0.00000000e+00  1.00124706e+01  1.00876188e+01
  0.00000000e+00  1.06769834e+01  1.03219943e+01  1.00008297e+01
  1.01901058e+01  1.01779622e+01  1.00738655e+01  1.00401862e+01
  1.02602645e+01  1.03171174e+01  1.03560183e+01  1.00949576e+01
  1.03087996e+01  1.01324285e+01  1.00624909e+01  0.00000000e+00
  1.02489332e+01  0.00000000e+00  0.00000000e+00  0.00000000e+00
  0.00000000e+00  0.00000000e+00  1.03657225e+02  5.42773771e+01
  0.00000000e+00  6.38219253e+01  1.49902989e+02  1.09990430e+02
  1.64441309e+02  1.78930150e+02  1.61655336e+02  1.56477025e+02
  9.59796447e+01  8.31439509e+01  9.78905359e+01  9.17686523e+01
 -2.34980656e-02  1.04616713e+02  2.00741176e+02  0.00000000e+00
  5.06806483e+01  0.00000000e+00  0.00000000e+00  0.00000000e+00]
13,[  0.           0.          10.56003284  10.18295937  10.00128271
   0.          10.11431949  10.05901139  10.28198262  10.63683332
  10.18024638  10.12764995  10.02529476  10.11076122  10.03619676
  10.56934442  10.31930286  10.00036357  10.16546595  10.03834074
  10.09238848   0.           0.           0.           0.
   0.          55.35364638 105.27879941  20.80046985   0.
 179.69665303 111.52823445 120.40191302 178.36602245 146.43179886
 191.60725795 110.14694034  76.79581819  74.74905512  73.93281055
  71.80238759  82.27205701 177.59262804  55.19240469  22.80699729
   0.           0.           0.        ]
14,[0.00000000e+00 0.00000000e+00 0.00000000e+00 1.00642524e+01
 1.01072826e+01 1.03403547e+01 1.00013555e+01 1.03135507e+01
 1.00249143e+01 1.06022543e+01 1.00532395e+01 1.05523210e+01
 1.05154262e+01 1.06383745e+01 1.15924094e+01 1.01927152e+01
 1.08436359e+01 0.00000000e+00 1.02176397e+01 1.01671545e+01
 1.00793900e+01 0.00000000e+00 0.00000000e+00 0.00000000e+00
 0.00000000e+00 0.00000000e+00 0.00000000e+00 7.85390232e+01
 5.48761117e+01 8.47077844e+01 8.34446725e+01 9.90119590e+01
 2.45052700e+02 8.39415811e+01 1.63259203e+02 2.27628094e+02
 1.50415677e+02 1.39890392e+02 8.87584883e+01 1.02207392e+02
 1.10904606e-01 0.00000000e+00 1.46101837e+02 6.44327492e+01
 5.20832949e+01 0.00000000e+00 0.00000000e+00 0.00000000e+00]
15,[  0.           0.          10.02183795  10.02536617  10.01135992
  10.01058822  10.17283565  10.00593514  10.80233555  10.00741387
  10.18264762  10.01705352  10.08925366  10.0197491   10.10291738
  10.01282604  10.02055747  10.00081696  10.00429307  10.58183843
   0.           0.           0.           0.           0.
   0.          31.57850599  77.03146504  46.05191965  10.43399612
 129.01738409 100.72450449 181.65490192 118.71413721 208.73552656
 173.16504683 137.60820891 173.78927786  71.92945727  49.68894334
  27.46995113 102.77515358 134.80858584  73.52622959   0.
   0.           0.           0.        ]
16,[  0.           0.           0.          10.32335879  10.08995838
  10.00014823  10.191779    10.09244841  10.33899766  10.84430686
  10.00915927  14.48782025  10.00250528  10.04785781  10.13059845
  10.11875486   0.          10.06317555  10.37111906  10.01444225
   0.           0.           0.           0.           0.
   0.           0.         105.31967111  47.94544182  42.42437571
  97.29910208 123.49507343 237.0019529  155.82447857 182.39057216
 157.69970796  95.32150608 111.86753589  99.24194027 105.68213055
   0.         127.332404   129.53528293  60.89232876   0.
   0.           0.           0.        ]
17,[  0.           0.           0.          10.0780922   10.01780294
  10.00654174   0.          10.35148995  10.2691234   10.09364273
  10.00430253  10.01720532  10.00023515  10.01946636  10.35463656
  10.17260625  10.07418027  10.0756561   10.19975786  10.07251825
   0.           0.           0.           0.           0.
   0.           0.          44.57179617 109.57080855 151.06109084
   0.         122.7399422  162.97019211 112.92995819 168.78793186
 180.56249397 180.00894597 114.66706509  40.41777131 166.53004113
  56.81474426 127.71012166 126.83461836  25.70760407   0.
   0.           0.           0.        ]
18,[  0.           0.          10.48480391  10.04476577  10.03233617
  10.06233151  10.04520779  10.24295909  10.01726007  10.13040038
  10.22558785  10.41880644  10.25871991  10.19134838  10.52970026
  10.05646256  10.20597889  10.1240695   10.17712786  10.08896398
   0.           0.           0.           0.           0.
   0.          15.3833477   84.20917761  29.99138288  44.36182251
 119.18528145 163.69380252 208.4754223  177.04258179 117.7622896
 147.74681986 144.76702964 126.50632836  20.2042092   54.18027924
  28.89164743  87.42015149 138.32404234 143.16194906   0.
   0.           0.           0.        ]
19,[  0.           0.          10.01855842  10.0111449   10.08375848
  11.17049861  10.07973234  10.07392864  10.01386437  10.04405414
  10.01223002  10.05612646  10.00266111  10.26272827  10.02518633
  10.69381491  10.11728764  10.22176164  10.28301303  10.07595591
   0.           0.           0.           0.           0.
   0.          37.37291597  28.67356425  14.80395376  68.50642391
 161.90348249  83.02692824 158.11207895 160.10801138 144.28670875
 199.62235435 229.25983792 108.06351055  68.84547955  28.01090816
  70.75836414  81.84679021  93.19256971 120.87083439   0.
   0.           0.           0.        ]
20,[  0.          10.03092168   0.          10.20504759   0.
  10.1855649   10.7477703   10.46213802  10.03304634  10.0070459
  10.01548049  10.21981562  10.01462143  10.00010945  10.43788399
  10.10170183  10.12585741  10.05981974  10.64925758  10.02569013
  10.48032434   0.           0.           0.           0.
  -4.09546706   0.         124.5170031    0.         133.54010148
  73.20526212  79.43389011 145.50817745 183.30999512 145.92084642
 217.89491464 108.38545652 108.95856216  60.75490118 126.8018977
  58.11985052  63.8771085  125.6427602   69.28178169  31.07963295
   0.           0.           0.        ]
21,[  0.           0.          10.01852478  10.49823989  10.11371238
  10.20200211  10.00414146  10.63158443  10.15549696  10.00006808
  10.07990699  10.18476438  10.05131378  10.02108931  10.04184641
   0.          10.07815159  10.16536978  10.00131528  10.16156396
  10.53355286   0.           0.           0.           0.
   0.         140.40233699  -1.35451379 126.50602626   6.0621351
  13.31652978 137.91487879 188.13846269 152.16299865 149.40184806
 120.13177558 204.07005007 168.01680305  88.69710661   0.
  73.61854692  98.65607164 116.08458959  52.8318333   39.75902451
   0.           0.           0.        ]
22,[  0.           0.          10.06403415  10.00306675  10.1567706
  10.07607829  10.06087836  10.0729742   10.2618414   10.12023185
  10.10340074  10.28886118  10.1077116   10.00091358  10.05319973
  10.04700805  10.11480042  10.27445859  10.10249493  10.45468233
  10.05994803   0.           0.           0.           0.
   0.          33.79210266  59.56211118  52.37401951  29.85041087
 139.77774783 156.71534715 110.89709911 147.1964317  132.58615685
 161.72452798 165.58199097  89.92766392  73.69193551  77.35009829
  61.77264477  66.40641959 140.73647599  74.76837168  43.56066207
   0.           0.           0.        ]
23,[  0.           0.          10.04408102  10.00924627  10.11130048
  10.00049711  10.00181163  10.32480538  10.26554165  10.01901414
  10.15831148  10.13033123  10.0059234   10.11704176  10.24022782
  10.13009396  10.09209348  10.00144603  10.01872438  10.00008597
   0.           0.           0.           0.           0.
   0.          32.04265381  57.12674068  50.91658227  66.76792027
 163.64045193 125.10384322 153.81513822 159.4690967   97.23705454
 155.20758854 125.23040159 103.57055965  30.63250066 106.90365641
 115.39560216  76.61616429 136.20119691  81.01170235   0.
   0.           0.           0.        ]
24,[  0.           0.           0.          10.0070717   10.00037207
  10.02343026  10.27632398  10.00983162  10.07076147  10.15561643
  10.24085128  10.09002277  10.63363475  10.00075951  10.01374402
  10.07493607  10.55361025  10.01964305  10.0012716   10.01168943
   0.           0.           0.           0.           0.
   0.           0.          76.12224583  42.5897092   93.89705252
  95.39575683 108.94484121 141.67854844 117.61280474 138.90893937
 251.90865269 114.41392887 114.024767    70.85455092  41.11181126
 140.54842777 123.55510941 141.82823114  46.30564178   0.
   0.           0.           0.        ]
25,[  0.           0.           0.          10.00113858  10.32505823
  10.00848687  10.02033744  10.04731979  10.35202599  10.04823591
  10.09018826  10.11734621  10.13317676  10.18876171  10.04175268
  10.01857112  10.10911396  10.04519842  10.07453505  10.23236259
  10.2378455    0.           0.           0.           0.
   0.           0.         152.95251074  53.59100599  55.8134683
  86.84451893 121.30088529 161.92153501  75.82397875 130.20578711
 158.1457836  132.87176951 166.10447863  73.91412851  89.08887992
  98.00568949 101.79115133  86.48443872  43.37822527  54.79346596
   0.           0.           0.        ]
26,[  0.           0.          10.20775167  10.01985741  10.03993949
  10.62527049  10.14205168  10.02314658  10.07742398  10.27765908
  10.06462784  10.08113067  10.245177    10.21201437  10.1071922
  10.00096532  10.08386541  10.01090878  10.00185059  10.51642486
  10.23194108   0.           0.           0.           0.
   0.           3.18210699  31.94731099  97.92831018  31.3185189
 215.25857128 118.07517341 173.86605023 102.04331855 129.79278176
 132.82759744  95.18356091 176.82725876  76.51675117  70.40732251
  53.36471631 137.58691184  97.34121192  52.32222922  48.35639677
   0.           0.           0.        ]
27,[  0.           0.          10.1249286   10.14106222  10.33863133
  10.02617986  10.43819858  10.40689353  10.00106471  10.00824169
  10.00538603  10.00365997  10.00424454  10.23773245  10.06925084
  10.54194007  10.34592932  10.07284985  10.12662634  10.15897127
   0.           0.           0.           0.           0.
   0.          69.08244727   7.25562193 118.82079725  74.96900703
  85.74757004 139.11886911 148.2774132  117.22541869 151.84270693
 156.64927172  89.64166216 114.69848727  93.66667161 114.57013
 126.74179515  81.47933617 131.43425675  21.77376435   0.
   0.           0.           0.        ]
28,[  0.          10.61708505  10.18527994  10.62292446   0.
  10.91118332  11.22249972  10.17695782  10.28590949  10.10634121
  10.00360591  10.33545262  10.49355836  10.07312043  10.24575508
  10.34122192  10.52936398  10.36205695  10.44230252  10.06137368
   0.           0.           0.           0.           0.
  69.22842362  75.38479801  40.26103898   0.          65.89527479
 112.64893795  98.38743856 115.17682671 137.04380584 139.85413223
 212.28314094 181.65338232 148.19484542 104.23888106  67.43060861
  -0.63291638  75.59107595 138.64006366  69.09384634   0.
   0.           0.           0.        ]
29,[  0.          10.35589839  10.07156349  10.25036322   0.
  10.02757319  10.17120607  10.11446033  10.00331968  10.00975288
  10.00744926  10.03320355  10.01400926  10.09050821  10.62031038
  10.27789647  10.00565643  10.01987459  10.01934037  10.17791556
  10.25987484   0.           0.           0.           0.
  -0.86219058  87.63990754  56.29891158   0.          76.63829225
  86.6525454  147.05007965 104.28876854 176.77004369 145.2185011
 158.51586437 131.07694809 100.57543204  93.6444067   74.11666959
  38.03618243 129.90827251 146.5097981   33.46809487  40.86760504
   0.           0.           0.        ]
0,[ 0.00000000e+00  0.00000000e+00  1.00536679e+01  1.01267792e+01
  1.21184451e+01  1.01049754e+01  1.07219519e+01  1.00995328e+01
  1.00367252e+01  1.04653430e+01  1.00019966e+01  1.02594113e+01
  1.05773778e+01  1.05166762e+01  1.00165374e+01  1.14590583e+01
  0.00000000e+00  1.06658432e+01  1.00241166e+01  1.00020701e+01
  0.00000000e+00  0.00000000e+00  0.00000000e+00  0.00000000e+00
  0.00000000e+00  0.00000000e+00 -5.41389541e-01  7.51421754e+01
  3.12499927e+01  7.61862917e+01  1.38605922e+02  1.74522964e+02
  1.17606627e+02  1.26385402e+02  1.62445478e+02  1.39991715e+02
  1.44679583e+02  2.06814165e+02  8.68763840e+01  9.20668220e+01
  0.00000000e+00  1.23233983e+02  1.64396902e+02 -9.76630246e-02
  0.00000000e+00  0.00000000e+00  0.00000000e+00  0.00000000e+00]
1,[ 0.00000000e+00  1.00585141e+01  1.01957055e+01  1.02251306e+01
  1.38110604e+01  1.02388941e+01  1.07939532e+01  1.01171893e+01
  1.00070274e+01  1.00313039e+01  1.01466814e+01  1.00035840e+01
  1.00022670e+01  1.00003789e+01  0.00000000e+00  1.00613578e+01
  0.00000000e+00  1.17615037e+01  1.23647703e+01  1.00029707e+01
  1.09330998e+01  0.00000000e+00  0.00000000e+00  0.00000000e+00
  0.00000000e+00  2.76325632e+01 -3.79206938e-03  7.62092530e-01
  3.70742391e+01  8.33971153e+01  1.19295007e+02  1.66953983e+02
  2.23196747e+02  1.29394170e+02  1.53264408e+02  1.82764337e+02
  1.15522679e+02  1.71457972e+02  0.00000000e+00  1.30551173e+02
  0.00000000e+00  7.41698846e+01  2.01449921e+02  2.36358226e+01
  3.79341528e+01  0.00000000e+00  0.00000000e+00  0.00000000e+00]
2,[  0.           0.          11.34000372  10.05124537   0.
  19.75028038  13.37346257  10.39936111  10.18066319  10.64160626
  10.0702969   15.379509    10.10280266  10.02800339  10.33828995
  10.01971152  10.78545422  10.3677471   10.18206846   0.
  11.77784941   0.           0.           0.           0.
   0.          31.3104808  101.08426363   0.          47.87979413
  79.9257769  169.12323662 199.76986027 108.21415539 197.11713209
 166.58494341 177.6066483  137.99599291  75.85202703  66.471804
  61.63098282 104.7002833  110.20733843   0.          24.35475234
   0.           0.           0.        ]
3,[0.00000000e+00 1.00954006e+01 1.06193361e+01 1.06838549e+01
 1.34760944e+01 1.01235702e+01 1.03911884e+01 1.04341901e+01
 1.18308313e+01 1.03798881e+01 1.02107700e+01 1.00105723e+01
 1.03569292e+01 1.00133900e+01 1.00103611e+01 1.25554244e+01
 1.00486793e+01 1.01085669e+01 1.02436415e+01 1.05631627e+01
 1.23309368e+01 0.00000000e+00 0.00000000e+00 0.00000000e+00
 0.00000000e+00 1.90015609e-01 1.64868311e+01 5.39326629e+01
 2.76914516e+01 5.50281908e+01 9.06136469e+01 1.57463362e+02
 1.35755621e+02 1.43288731e+02 1.15102898e+02 1.59002253e+02
 2.06975439e+02 1.01213631e+02 7.71156270e+01 7.55014889e+01
 6.72135443e+01 7.02735808e+01 1.34054528e+02 7.11355376e+01
 3.33023627e+01 0.00000000e+00 0.00000000e+00 0.00000000e+00]
4,[ 0.00000000e+00  0.00000000e+00  1.73662827e+01  1.08402000e+01
  1.00435789e+01  1.05781749e+01  1.02944780e+01  1.05001436e+01
  1.00236937e+01  1.04037997e+01  1.33834649e+01  1.09747249e+01
  1.65917791e+01  1.10258096e+01  0.00000000e+00  1.09454939e+01
  1.02949194e+01  1.44669168e+01  1.00424989e+01  1.43319354e+01
  1.67969553e+01  0.00000000e+00  0.00000000e+00  0.00000000e+00
  0.00000000e+00  0.00000000e+00 -8.40104972e-03  8.31457172e+01
  4.75468095e+01  5.70155413e+01  1.75088955e+02  1.51858508e+02
  1.70407027e+02  1.59785557e+02  1.44088235e+02  1.66156425e+02
  7.82021531e+01  1.69251777e+02  0.00000000e+00  5.71838519e+01
  5.39377417e+01  7.70032392e+01  1.24072245e+02  9.39091820e+01
  1.25204215e+01  0.00000000e+00  0.00000000e+00  0.00000000e+00]
5,[  10.01223835    0.           10.06891728   12.71849453   10.45150496
   10.05186115   10.431003     10.36528138   10.0707875    10.12579076
   11.74636176   10.00502726   10.00211828   10.07220387   10.78054349
   10.3268481    10.31450795   10.20094596   10.19958422   10.23710961
   10.0244452     0.            0.            0.         -111.97401592
    0.          -13.99772914   59.44232344   63.28761823  153.01125313
  123.91453651  146.00220101  144.97665591  146.53126879  144.5137627
  163.68785443  105.13455945  141.49255283   61.07377977   -9.25118974
   56.22291118   97.76942399  116.30865455   89.60938138   38.48526564
    0.            0.            0.        ]
6,[  0.          10.61010381  10.7440735   10.00619176   0.
  10.6029784   10.00968931  15.66956857  10.53227497  10.79461501
  10.41974704  10.78777482  10.41272872  10.33805617   0.
  10.1833806   10.09892213  10.48546045  10.28659933   0.
  10.24363548   0.           6.76680524   0.           0.
  88.4911647   13.30989857  21.12016072   0.          86.54159401
  60.3813131  199.02268912 179.92891704 132.59514817 170.99972936
 194.92610968 129.90988452 120.65924023   0.         107.05996815
  95.28646579  88.11895608 122.51726229   0.          54.52307664
   0.           0.           0.        ]
7,[ 1.00847794e+01  0.00000000e+00  1.08778750e+01  1.04715693e+01
  1.00173779e+01  1.00044013e+01  1.01967935e+01  1.04492118e+01
  1.09890471e+01  1.00150407e+01  1.01786082e+01  1.01215598e+01
  1.02539757e+01  1.10660148e+01  1.03028546e+01  1.01009619e+01
  1.02853266e+01  1.00616828e+01  1.06634800e+01  1.10201194e+01
  1.00243701e+01  0.00000000e+00  0.00000000e+00  0.00000000e+00
 -8.98782930e+01  0.00000000e+00  1.13454549e-01  3.09108328e+01
  4.68695807e+01  1.35570632e+02  1.08896947e+02  1.35145838e+02
  1.20793165e+02  1.47937252e+02  1.25256151e+02  1.65982228e+02
  1.54522941e+02  9.98300104e+01  6.91991431e+01  1.05907172e+02
  8.27539228e+01  4.66459904e+01  1.20515968e+02  6.63543484e+01
  5.22662957e+01  0.00000000e+00  0.00000000e+00  0.00000000e+00]
8,[  0.          10.80720748  10.29377033   0.          10.00740555
  10.00566442  10.20618374  10.12108108  10.70099734  11.12395264
  10.01736956  10.13217154  10.00831369  10.19789696  10.00004909
  10.06118433  10.03202388  10.05756812  10.58040478  10.01066505
  11.02616685   0.           0.           0.           0.
   2.46804424  43.79103003   0.          43.4854647  121.19680815
 119.49266381 136.59054806 142.10900292 115.28148715 151.83750073
 146.37123812 138.64071417 138.68436598 101.80362463  74.62153925
  51.96666397  80.43222111 115.57003697  80.82476709  18.43334222
   0.           0.           0.        ]
9,[ 10.17871378   0.           0.          10.61458263  10.03019037
   0.          10.0196717   10.19239971  10.81002051  10.74853855
  11.0842512   10.62255995  10.75444077  10.0674741    0.
  10.34312638  11.02321339  11.91311055  11.55049166  10.06448846
  10.03168093   0.           0.           0.         -76.79760607
   0.           0.          98.72794584 131.42120952   0.
 111.29673167 190.95940652  92.12091046 138.27717428 144.81493942
 191.17464195 212.63723857 124.74862932   0.          80.03392805
  43.18143038  68.48496876 122.1831229   76.20221067  49.51371876
   0.           0.           0.        ]
10,[0.00000000e+00 1.05104882e+01 0.00000000e+00 1.30023983e+01
 0.00000000e+00 1.00252563e+01 1.00175798e+01 1.01744289e+01
 1.04715825e+01 1.08002314e+01 1.06332235e+01 1.43959360e+01
 1.01788263e+01 1.04575629e+01 1.07644399e+01 1.00938584e+01
 0.00000000e+00 1.02993244e+01 1.03791809e+01 1.00150323e+01
 1.09818540e+01 0.00000000e+00 0.00000000e+00 0.00000000e+00
 0.00000000e+00 9.92744102e+01 0.00000000e+00 4.98763537e+01
 0.00000000e+00 7.15552562e+01 1.19401544e+02 1.87561689e+02
 1.47294814e+02 8.60832796e+01 1.86635504e+02 1.51837989e+02
 1.20631238e+02 1.10522303e+02 9.42942403e+01 9.85177985e+01
 0.00000000e+00 8.73203237e+01 2.06099636e+02 6.24963597e+01
 3.98481171e-02 0.00000000e+00 0.00000000e+00 0.00000000e+00]
11,[  0.           0.          10.07457936  14.3710972   11.19434161
  11.63244172  10.00840054  10.17726451  10.11397853  10.05807122
  10.81162219  10.00019816  10.05045071  10.55747567  11.29360351
  10.64597781  10.10909658  12.27352471  10.2677985   10.27403139
   0.           0.           0.           0.           0.
   0.          16.93328479  59.25115818  31.27920564  47.51066638
  81.30252741 154.68677374 165.29069213 146.40409507 184.84736538
 249.94793408 131.63507841  69.26560949  80.28183843 108.79059904
  68.59917391  41.4902819  132.98523448  75.88267295   0.
   0.           0.           0.        ]
12,[  0.           0.          10.20722648  10.75745119  10.73993935
  10.18019563  10.00066283  10.00644079  10.73833914  10.19871088
  10.13922597  10.00610936  10.52332248  10.00567926  11.45318262
  10.31342014  10.00116437  10.26803854  10.24556218  10.39632535
  10.08502444   0.           0.           0.           0.
   0.          48.23125042  57.1421275   70.68922515  26.24854095
  75.21315429 118.39566963 204.16932779 128.07255717 180.58042313
 167.43752547 135.26979642  51.05105787  53.9895778  118.38813474
  89.68901573  61.96099562 128.77389745 118.57971269   0.53185848
   0.           0.           0.        ]
13,[  0.          10.24445792  10.02641528   0.          10.93534604
  10.67148906  10.49551505  10.0648331   14.41837081  10.01752536
  10.71625198  12.03511829  10.11569109  10.6978442   10.24079394
  10.00467832  10.05860544  10.69634381  11.3528777   11.06149234
  10.71822613   0.           0.           0.           0.
  26.63815613  16.86695641   0.          63.1009823   87.72278118
 166.72824631  78.75706239 128.07072586 175.24082037 153.57391963
 148.04619985 115.36118021 108.33038278  77.51438132  83.08740217
  80.33748374 113.11306775 145.56197143  -0.89360062  60.33293657
   0.           0.           0.        ]
14,[  0.          10.1251787   10.158117    10.05128843  10.02575783
  10.10911897  10.4312956   10.01245502  10.0776784   10.03796617
  10.18155927  10.79004026  11.61225748  10.37379408  10.56187551
  10.80133142  10.03744575  10.2203383   10.53376074  10.04089493
  10.00134675   0.           0.           0.           0.
  -2.43474312  -3.09484106  66.62287919  81.39030558  69.7800661
 137.68208111 104.36075375  96.27748397 163.14889561 149.66100339
 123.13568934 115.1476544  127.03975095 122.35601057  85.14289888
  64.16451042  72.44952432 136.10500059  47.27946118  64.96876877
   0.           0.           0.        ]
15,[ 0.00000000e+00  0.00000000e+00  0.00000000e+00  1.08271070e+01
  1.00253858e+01  1.00097059e+01  1.01832841e+01  1.08745026e+01
  1.02773546e+01  1.00432196e+01  1.00262630e+01  1.00039033e+01
  1.02251963e+01  1.01161219e+01  1.00035793e+01  1.12250760e+01
  1.11059404e+01  1.06898745e+01  1.01818409e+01  1.01785652e+01
  1.02619031e+01  0.00000000e+00  0.00000000e+00  0.00000000e+00
  0.00000000e+00  0.00000000e+00  0.00000000e+00  4.78560135e+01
  1.52833183e+02  4.54174877e+01  6.76602717e+01  1.18611534e+02
  1.72485238e+02  1.40839447e+02  1.33777671e+02  2.12469072e+02
  1.31786195e+02  1.46082141e+02 -1.01198444e-02  8.57607049e+01
  3.75064677e+01  1.60050316e+02  1.13595964e+02  9.59381982e+01
 -4.25580023e-01  0.00000000e+00  0.00000000e+00  0.00000000e+00]
16,[ 0.00000000e+00  0.00000000e+00  1.00121808e+01  1.06668576e+01
  1.03900422e+01  1.01557754e+01  1.00676635e+01  1.03912259e+01
  1.00003083e+01  1.00635451e+01  1.02174575e+01  1.00029986e+01
  1.06504237e+01  1.02553507e+01  1.00552655e+01  1.51426423e+01
  1.05291702e+01  1.00456040e+01  1.11069837e+01  1.06609553e+01
  0.00000000e+00  0.00000000e+00  0.00000000e+00  0.00000000e+00
  0.00000000e+00  0.00000000e+00 -7.59369295e-03  5.30345221e+01
  5.94319982e+01  7.24523388e+01  1.19918615e+02  1.15333616e+02
  1.58468565e+02  1.21806084e+02  2.31365562e+02  1.35914155e+02
  1.92612968e+02  5.50549691e+01  7.96845306e+01  8.13408889e+01
  9.47474975e+01  7.91172408e+01  1.29783825e+02  5.27449365e+01
  0.00000000e+00  0.00000000e+00  0.00000000e+00  0.00000000e+00]
17,[ 0.00000000e+00  1.03376942e+01  1.18156302e+01  1.18492154e+01
  0.00000000e+00  1.00339947e+01  1.00228157e+01  1.01294379e+01
  1.05209240e+01  1.04172809e+01  1.02472493e+01  1.00126484e+01
  1.11957845e+01  1.00005656e+01  1.00672482e+01  1.00221384e+01
  1.02935609e+01  1.02382510e+01  1.00491108e+01  1.04438979e+01
  0.00000000e+00  0.00000000e+00  0.00000000e+00  0.00000000e+00
  0.00000000e+00 -3.01699541e-02  2.01017874e+01  5.25692620e+01
  0.00000000e+00  1.42534350e+02  8.64880380e+01  1.40541549e+02
  1.16591495e+02  1.65064938e+02  1.81694853e+02  1.58982706e+02
  1.00400145e+02  1.05722546e+02  5.13255188e+01  1.29213056e+02
  4.83121613e+01  1.11939457e+02  1.64050907e+02  6.41821314e+01
  0.00000000e+00  0.00000000e+00  0.00000000e+00  0.00000000e+00]
18,[  0.           0.          10.07904764   0.          10.28027558
  11.14889255  10.32206622  10.06948351  10.36569281  13.15984025
  10.83908246  16.04190579  10.00391358  10.18270546  10.55312006
  11.14815328  10.47987209  10.30801495  10.4050804   10.19341076
   0.           0.           0.           0.           0.
   0.          99.73324293   0.          -0.88853544 165.08116229
  60.66057374 131.12436206 191.18476849 199.83222363 167.68121423
 157.01018598 130.61260251  89.25789145  21.74596442  67.93292345
  27.20271112 136.01347328 200.90662029  50.70987272   0.
   0.           0.           0.        ]
19,[  0.           0.           0.          10.18497386  10.11324422
  10.45546809  10.01170306  10.02237139  10.04446631  10.00273189
  10.1619306   10.21995285  10.08641953  10.22944203  10.60962816
  10.71384964  10.22115885  10.01041584  10.09622579  10.58464151
   0.           0.           0.           0.           0.
   0.           0.          59.29492275  75.10639516  68.68082082
  88.07856053 115.94770837 159.59394479 142.06971647 227.07994434
 135.363938   164.7217347   91.99974702  77.49038439  94.43014008
  61.63606554  58.48961125 150.20355768  77.45324809   0.
   0.           0.           0.        ]
20,[ 10.80082162  11.34542427  10.23736089  10.28714344   0.
  10.09087413  10.31097307  10.74450813  10.71338806  10.19206392
  10.30407679  10.58900679  10.00154989  10.05049097  10.75035192
   0.          10.00695368  11.31493814  10.00808415  10.36429199
  10.55427793   0.           0.           0.         -54.1692039
   0.50899992 121.654256    57.04653088   0.          42.55044053
  83.15102956 205.36238533 146.14549219 135.51205182 136.90935072
 186.2556426   89.16229811 132.85940109 168.96278071   0.
  72.86436693 124.57029784 111.26286249  51.09668016  49.9139211
   0.           0.           0.        ]
21,[  0.           0.          10.17158717  10.05955227  10.13106917
  10.97075827  10.47226811  10.0636421   10.00516203  10.19189111
  10.00039473  10.01682874  10.42911197  10.06570004   0.
  10.0083652   10.01830453  10.03285238  10.02352803  10.28910513
   0.           0.           0.           0.           0.
   0.          19.96706761  60.99813801  22.57683538 112.59715991
  82.27488784 176.47033694 134.87850879 167.06294411 174.43015765
 118.71814719 181.07089995 118.61199626   0.         129.7082311
  68.91980279  95.19361137 126.28040177  65.55978752   0.
   0.           0.           0.        ]
22,[ 0.00000000e+00  0.00000000e+00  1.00179231e+01  1.16708317e+01
  1.00439923e+01  1.13536763e+01  1.02051140e+01  1.01350164e+01
  1.04667308e+01  1.05215117e+01  1.06597561e+01  1.04016791e+01
  1.04735239e+01  1.23114196e+01  1.02513884e+01  1.00358528e+01
  1.01537601e+01  1.00838927e+01  1.08856047e+01  1.37216087e+01
  0.00000000e+00  0.00000000e+00  0.00000000e+00  0.00000000e+00
  0.00000000e+00  0.00000000e+00  7.36543415e+01  5.35719790e+01
  5.07344309e+01  4.99449941e+01  1.07205478e+02  1.22369510e+02
  1.75089104e+02  1.33991334e+02  1.17003746e+02  1.58501638e+02
  1.32069915e+02  1.03050497e+02  8.26335474e+01  1.31799309e+02
 -5.51293242e-02  7.47515591e+01  1.87459121e+02  7.48647162e+01
  0.00000000e+00  0.00000000e+00  0.00000000e+00  0.00000000e+00]
23,[  0.           0.          10.540906    10.50843926  10.25806355
  10.05138309  10.13889225  10.2899781   10.0322593   10.04435021
  10.0039605   10.19071117  10.09713706  10.26557037  10.36707064
  11.34662513  10.32963325  10.8384131   10.23241427  10.2842938
  10.00131199   0.           0.           0.           0.
   0.          23.08147844  48.56998225  45.60629881 145.11547938
  90.77482161 132.65547037 178.83767651 174.58267028  65.40619204
 140.50038276  82.93697127 123.75326795  97.41280417  89.42293516
  79.69612444  74.63630832 104.16342556  83.16346268  40.58561963
   0.           0.           0.        ]
24,[  0.          10.40147347  10.06900515  10.0116879   12.19739272
  10.02175611  10.35651975  11.32036165  10.71518021  11.11007391
  10.84878726  11.70546575  12.26424688  10.03225906  10.01953065
  10.97427781  10.57556552  10.00976388  10.04719298  10.5556283
   0.           0.           0.           0.           0.
  50.05002447   2.03970557  84.07165711  43.29968711  54.85128159
 168.64612557 141.21214481 101.90955105 136.1427071  164.39102126
 182.00771205  83.10836542 127.53271413  -0.29273577  52.77846671
  91.93342755 126.90225479 134.34121324  85.54265284   0.
   0.           0.           0.        ]
25,[  0.           0.          10.89985371  10.17373905  10.0657145
  12.00424432  10.05457776  10.62132497  10.00946217  10.35080209
  10.03407947  10.69735956  10.44878511  10.05864134  11.48110602
   0.          10.21509121  10.01577022  10.00137929   0.
  10.00057287   0.           0.           0.           0.
   0.          43.10028946  77.93388916  57.25824079  49.77143709
  98.92140932 115.4263101  152.64747788 145.03944041 173.88825819
 169.49590138  98.57715867 188.88375552 119.23404511   0.
  66.26133515 134.90802304 127.30152674   0.          51.48850699
   0.           0.           0.        ]
26,[  0.           0.          10.1060867   10.04333144  10.00663315
  11.10827964  10.2683564   10.01667112  10.53298196  10.4050103
  10.01677263  10.0147497   10.22550618  10.6253909   10.07032401
  10.07787991  10.35938768  10.05733805  10.05059334   0.
  10.21488381   0.           0.           0.           0.
   0.          98.80546275  35.26674591  52.03890486  66.78181202
  80.57149905 127.91509787 132.4131179  131.04304142 153.72929239
 211.4240809  121.89220428  76.1764551   67.3375588   87.19883854
 109.94141898  87.74304752 188.07618591   0.          13.35181803
   0.           0.           0.        ]
27,[ 0.00000000e+00  1.03946309e+01  1.00611389e+01  1.13194573e+01
  1.02110219e+01  1.01940283e+01  1.01201665e+01  1.00145667e+01
  1.09416224e+01  1.00513379e+01  1.02227399e+01  1.00164034e+01
  1.05200641e+01  1.02313208e+01  1.13667412e+01  1.01905798e+01
  0.00000000e+00  1.00769145e+01  1.05824742e+01  1.00265696e+01
  1.11680692e+01  0.00000000e+00  0.00000000e+00  0.00000000e+00
  0.00000000e+00  3.72456024e+00  7.70109741e+00  7.21912649e+01
  3.24360968e+01  5.58002427e+01  6.11818888e+01  1.44612778e+02
  1.48947920e+02  1.69089357e+02  2.25751432e+02  1.55570786e+02
  1.46401171e+02  9.73819064e+01  1.02645068e+02  7.16236369e+01
  0.00000000e+00  8.93099086e+01  1.25911607e+02  1.16645479e+02
 -2.17446684e-01  0.00000000e+00  0.00000000e+00  0.00000000e+00]
28,[  0.           0.          10.64982891  10.18992167  10.00723917
  10.14822294  10.00078106  10.16713279  10.10176743  10.02460782
  10.01991366  10.1842908   10.13367591  11.08034337  10.01740683
  10.00563482  10.09766401  10.34097466  10.1691264   10.15780448
  10.18637441   0.           0.           0.           0.
   0.          14.21717959  60.51151511   1.20473766  83.99437722
  89.35246451 178.6394914  147.37373525 137.18184283 154.34694195
 141.29587169 143.81320462 111.76105754  74.88768722  67.21368339
  58.84807795 108.9931138  196.82265609  67.36771052 -17.30006051
   0.           0.           0.        ]
29,[  0.          10.18079303  11.0003887   10.03419202   0.
  10.69677933  10.19863274  10.24234232  10.17818904  10.08764176
  10.0540669   10.13633475  10.23221946  10.06853687  10.10374889
  10.24320814  10.03393556  10.02609552  10.0027837   10.05418899
  10.03328092   0.           0.           0.           0.
  -2.84108784  71.11522202  38.51290107   0.          88.67674999
  93.29680814 139.36402283 106.06913244 192.59398245 193.70003115
 149.09569743 130.52245514 104.3432297   80.02796318 124.11766063
  51.96414831 128.96547768 106.11122306  -0.91985301  41.82797255
   0.           0.           0.        ]
