0,[  0.           9.11358637  10.00023262  10.00049507  10.00014809
  10.00036222  10.00015985  10.00023044  10.00021496  10.00021625
  10.00025608  10.0001988   10.00039317  10.00080496  10.000095
  10.00007236  10.00003765  10.00004115  10.00022033  10.00037507
  10.00020012   0.           0.           0.           0.
   0.          71.12994359  38.80969438  29.6823728   66.36569578
 109.53909897 111.25999127 124.98675954 117.90238567 139.21165412
 152.3490887  130.16718524 125.95368189  86.15444671 131.49965532
  81.57523107  57.96109847 116.97702689  66.74037077  51.13048338
   0.           0.           0.        ]
1,[  0.           0.           0.          10.00004288  10.00023442
  10.00063105  10.00010006  10.00004862  10.00042374  10.00058042
  10.29767535  10.08425356  10.02209574  10.00080738  10.00016406
  10.00018072  10.10973093  10.42398134  10.65694179  10.00031991
  10.35557147   0.           0.           0.           0.
   0.           0.          71.11731651  76.63491973  80.21720971
  85.03886515 146.67781278 145.28556741 128.06373687 143.71391544
 137.40046782 126.69198712 140.1256706   75.94593424  85.40529427
  60.82786355  87.23499511 127.36102426  58.72697706  52.61164252
   0.           0.           0.        ]
2,[  0.           0.           0.          10.27936402  10.00204995
  10.00007931  10.24817159  10.02777067  10.00091261  10.00000329
  10.31794322  10.19922684  10.2315312   10.0004828   10.00283664
  10.08114595   0.          10.43014693  10.00069504  10.00552773
  10.00136079   0.           0.           0.           0.
   0.           0.          66.31980331  29.69261048 140.18811486
  95.77650476 130.33764489 139.59264289 134.73981147 200.93154353
 135.80991575 132.00545228 125.4888481   84.33041878  84.77985569
   0.          76.68690414 132.73425764  72.84011269  51.48549942
   0.           0.           0.        ]
3,[  0.          10.00405646   0.          10.00962062  10.01028721
  10.0026115   10.00628446  10.01749443  10.00061942  10.00740406
  10.00210912  10.00132198  10.00094583  10.00850754  10.01168866
  10.05915254  10.00131552  10.00444516  10.00302853  10.00606252
  10.00912846   0.           0.           0.           0.
   3.23618287   0.          90.63104834  14.25197515  85.78784746
  66.40053865 126.98820505 156.91757789 134.70806981 145.43980638
 173.04458161 128.61759595 164.54056348  69.73533351  49.79804372
  65.10687333  91.30659036 144.2426037   57.27164227  48.49578067
   0.           0.           0.        ]
4,[  0.           0.           0.          10.00567341  10.30068656
  10.64290033  10.00932905  10.00321395  10.00799568  10.12379787
  10.00054237  10.0509476   10.01320835  10.00967001  10.05370176
  10.00799668   0.          10.00064618  10.00137015  10.00595623
  10.0609551    0.           0.           0.           0.
   0.           0.          54.69390716 124.84419094  92.19687376
  91.6707784  128.66010621 105.98575584 137.84080307 191.87911268
 133.32607868 128.23709912 137.31621774 127.51685549  52.17232956
   0.          83.08596513 133.19364607  75.0431527   48.64966487
   0.           0.           0.        ]
5,[  0.           0.          10.53936786  10.35318549  10.04765642
  10.16507254  10.00202848  10.02760842  10.01787294  10.62105384
  10.01617344  10.05020121  10.76828471  10.00737745  10.82842495
  10.02848503  10.01461589  10.03640396  11.34168448  10.01043967
   0.           0.           0.           0.           0.
   0.          38.93735622  50.08230184  52.18195538  54.10693637
  84.20082087 129.27005972 150.19675335 229.40342261 132.83509678
 152.42557797 123.05581115 104.94759783  31.02576157 159.41066612
  64.7234517   72.75354126 142.73318633  65.26234174   0.
   0.           0.           0.        ]
6,[  0.           0.          10.00014593  10.46398281   0.
  10.00000001  10.01851449  10.00154405  10.01966189  10.04944123
  10.34649931  10.00213715  10.12302064  10.01104523  10.03178705
   0.          10.00847521  10.00712525  10.00276972  10.00442631
   0.           0.           0.           0.           0.
   0.          29.67056881 108.7803529    0.         100.64560259
 100.29846021 129.18103013 119.75146851 186.07677602 181.77228532
 148.9164576  149.79736749 137.59495241  85.6762129    0.
 128.73506878  77.13999694 130.40956996  56.52855989   0.
   0.           0.           0.        ]
7,[  0.           0.           0.          10.00382997  10.00099717
  10.00023898  10.00042732  10.00146775  10.0009912   10.00121113
  10.00623728  10.00094974  10.03013805  10.00065939  10.00086833
  10.00429941  10.00194564  10.00037159  10.0020031   10.00755325
  10.0014044    0.           0.           0.           0.
   0.           0.          53.01909641  46.71475822  60.30633891
  91.21977796 130.04897356 140.12175767 197.04152469 152.09163323
 151.25397682 133.42150999 134.58537664  93.48809884  84.62225019
  51.74528459  78.83851964  90.38662502  74.77293351  51.86435938
   0.           0.           0.        ]
8,[  0.           0.          10.00303636  10.01711659   0.
  10.00532959  10.00088298  10.00554623  10.02182736  10.29386705
  10.0114893   10.0198764   10.00268671  10.00625396  10.14340526
  10.0037939   10.02409874  10.03110904  10.04573674   0.
   0.           0.           0.           0.           0.
   0.          72.85381794 138.19136561   0.          50.5122694
 122.73944833 128.62880072  79.96533523 207.46817212 190.43998885
 124.59780554 129.41022873 182.66109068  80.56369675  84.9978974
  43.79885869 111.45604352 138.50641639   0.           0.
   0.           0.           0.        ]
9,[  0.           0.          10.00997557   0.          10.00965537
  10.57357444  10.00019788  10.03098077  10.01229981  10.00401424
  10.00046416  10.00697746  10.01468976  10.24904831  10.03485182
  10.01702463  10.00522311   0.          10.00500228  10.0094094
  10.00645925   0.           0.           0.           0.
   0.          83.45868627   0.          44.08413933  56.19317738
 135.79036321 237.10694411 146.43027562  93.18048424 143.34261176
 176.11469833 147.13313528  52.06520737 145.33336436 127.45562961
  40.08175007   0.         122.76993982  98.06135013  32.79024406
   0.           0.           0.        ]
10,[  0.           0.          10.48585587  10.00015028  10.00032763
   0.          10.17701031  10.13853905  10.00581784  10.38137557
  10.0007279   10.00059093  10.0008358   10.00003343  10.00058812
  10.00004842   0.          10.00043351  10.16128233  10.00021347
   0.           0.           0.           0.           0.
   0.          39.38185522  87.76872254  46.95758108   0.
 155.77743734 110.95771324 214.16348109 107.27920961 150.31484029
 164.65080882 142.18933547 128.52095781 137.434297   122.17359159
   0.          88.40510112 131.01977215  48.92243778   0.
   0.           0.           0.        ]
11,[  0.           0.          10.00027698  10.62590163   0.
  10.00274211  10.00147915  10.00085617  10.00060379  10.00009276
  10.00076983  10.00082037  10.00343238  10.0011857    0.
  10.00465875  10.00447486  10.00995293  10.19868126  10.00090591
  10.00078291   0.           0.           0.           0.
   0.          22.29825164  87.38591679   0.         169.09625434
  67.04239419 122.80466394 131.62878549 202.47450594 166.50630846
 154.0660728  131.02798391 129.48118045   0.         110.14088858
  74.30313238  63.1412183  133.36457752  41.97981699  50.23557428
   0.           0.           0.        ]
12,[  0.           0.           0.          10.15833656  10.00182916
  10.00056279  10.0006558   10.00071927  10.16057143  10.61694543
  10.08069264  10.0003624   10.00046899  10.00048011  10.00044148
  10.00054149  10.00047359  10.00016334  10.00009514  10.0001669
   0.           0.           0.           0.           0.
   0.           0.         127.00854996  57.57105537  69.634805
 100.43746732 129.04004696 131.97689793 134.29012497 151.44530307
 150.55180237 107.36627493 145.84328121  80.30144416  83.79533254
  70.03056963  88.96650981 123.1569505   78.40337941   0.
   0.           0.           0.        ]
13,[  0.           0.           0.          10.4400127   10.00001198
  10.00005346  10.01873209  10.00044603  10.64619383  10.00007595
  10.22623399  10.00013615  10.00005364  10.00103444  10.00010418
  10.00030389   0.          10.00005152  10.00003649  10.00012685
  10.00006116   0.           0.           0.           0.
   0.           0.          52.60751483 152.31737544  46.84237626
  96.1270645  122.88062677 142.1208167   86.55723061 196.89294794
 151.80297679 129.29077366 133.17637372  96.60393472  85.71988766
   0.         116.02627537 133.90234015  76.41526222  27.39711886
   0.           0.           0.        ]
14,[  0.           0.           0.          10.37484573  10.00109304
  10.00089584  10.2135702   10.02864843  10.00120098  10.00109492
  10.12957955  10.00168205  10.15204174  10.01830407  10.00851449
  10.00067206  10.10166598  10.06597811  10.00009156  10.00107885
   0.           0.           0.           0.           0.
   0.           0.          48.98759591  61.83165681  68.91978726
  95.89151092 212.91859213 139.90645534 134.97169147 151.11362653
 124.12594818 125.79030831 124.79074482  85.14706668  87.91382288
  80.76720296  92.38178615 122.18931569  74.55819176   0.
   0.           0.           0.        ]
15,[  0.           0.          10.00394194  10.11702142  10.00437471
  10.00359461  10.00124178  10.00236119  10.00418644  10.00616614
  10.00873748  10.00231598  10.00171974  10.07458707   0.
  10.00078412  10.00025533  10.00094593  10.00328756  10.00461467
  10.00309824   0.           0.           0.           0.
   0.          24.82154599  60.93427905  41.44969589  72.1162205
 195.4160196  128.82028494 139.11852715 155.01796457 152.73831956
 166.92286862 138.1239576  135.22401105   0.          86.13519306
  72.23536046  61.53360686 134.44999696  75.46652938  -8.54981379
   0.           0.           0.        ]
16,[  0.           0.           0.          10.00039731  10.00017854
  10.00047222  10.00041113  10.00011261  10.00035576  10.00023883
  10.35644036  10.00223795  10.00045233  10.00015146  10.00029238
  10.00025006  10.00011859  10.00021078  10.00033067  10.00056202
  10.00028809   0.           0.           0.           0.
   0.           0.          71.61536859 129.23285332  36.99584741
 122.06191369 102.0511566   96.02256105 226.73793512 117.2500946
 171.19131206  96.79820999 136.99800683  86.05330206  67.81487269
  52.1037373  101.08779248 132.02088773  53.1011638   49.67147454
   0.           0.           0.        ]
17,[  0.           0.          10.47375643  10.00110576  10.1114947
  10.00138644  10.67889121  10.00000495  10.69469031  10.00075693
  10.00388858  10.00281125  10.09837495  10.10315383  10.06414745
  10.00448436  10.00072278  10.13641844  10.00002133   0.
   0.           0.           0.           0.           0.
   0.          39.14599521  97.16827057  49.13742126  57.48512195
  75.60005002 131.80630211 147.5378551  129.64765469 178.63250106
 157.62761621 144.25309102 122.82689006  84.36738147 119.55062908
  71.28301068  91.09370356 142.77583397   0.           0.
   0.           0.           0.        ]
18,[  0.          10.04015729  10.00217535  10.01132287  10.0111174
  10.01548946  10.01660675  10.22287885  10.82852354  10.00548615
  10.452465    10.00391808  10.3935899   10.0078446   10.01175707
  10.02498109   0.          10.01098919  10.0110444   10.00982734
  10.01614609   0.           0.           0.           0.
   6.86530168  25.74445251  49.05322981  38.26753571  70.94842508
  84.10987649 120.78338912 163.87331665 149.87458225 127.75531164
 218.05038824 159.79012918 146.81224975 108.56806389  83.70239687
   0.          88.31864756  71.02062821  75.0328451   34.53992113
   0.           0.           0.        ]
19,[  0.           0.           0.          10.22452998  10.18898334
  10.25347786  10.05964358  10.02141018  10.00470014  10.04451622
  10.0000017   10.14502496  10.00001949  10.11846378  10.11058563
  10.00007586  10.06396921  10.00308807  10.58225173  10.06803041
   0.           0.           0.           0.           0.
   0.           0.          47.44215918  45.51543737  91.38472621
 132.02553128 128.97670472 147.88216254 134.93822361 150.34332768
 147.36733825 105.59549116 159.84850836  72.51580908  71.33268599
 128.19662579  60.99597307 135.25433192 102.48104202   0.
   0.           0.           0.        ]
20,[  0.           0.           0.          10.0025068    0.
  10.16021766  10.01231549  10.21729481  10.00711969  10.00192808
  10.00112515  10.00320448  10.00437103  10.00691602  10.04034462
  10.29233755  10.00371364  10.01263831  10.21882613  10.00345113
   0.           0.           0.           0.           0.
   0.           0.         108.07013245   0.          90.45062977
 131.6186988  117.31737968 140.24429495 101.3155627  232.83655911
 148.83222624 128.06825016 115.64469742  83.67421136  84.96444139
 132.6983103   87.27921247 123.54459489  42.16646474   0.
   0.           0.           0.        ]
21,[  0.          10.00169505   0.          10.00016439  10.01592976
  10.15976517  10.00042027  10.00808797  10.15833884  10.01610024
  10.00696263  10.00567221  10.00250128  10.00089581  10.00604859
  10.00222092  10.27141653  10.13622046  10.070846    10.58018612
   0.           0.           0.           0.           0.
   6.92247821   0.          85.03754293  45.78065084  85.32660195
  95.02927223  88.40921969 137.84590145 135.23340445 132.13362322
 191.41375657 138.63776221 123.80395293 101.14063843 101.01432619
  83.32565921  68.25304056 155.99497172  54.70547389   0.
   0.           0.           0.        ]
22,[  0.           0.          10.00225273  10.00235237  10.02484435
  10.00039924  10.00935954  10.00103885  10.29311961  10.00026495
  10.0030854   10.00115919  10.00354203  10.00340039  10.00184266
  10.000582    10.0019292   10.00320613  10.00452048  10.0011281
   0.           0.           0.           0.           0.
   0.          22.29553906  57.36200496  82.03155618  71.71522978
  66.46922569 122.50585704 168.66403911 160.00178187 137.78718792
 153.73462803 195.11902066  59.94710228  75.4120016   92.42038027
  69.71971069  93.01982049 132.10374331  72.15622748   0.
   0.           0.           0.        ]
23,[  0.           0.          10.0019185   10.00074531  10.00068597
  10.00030616  10.00135316  10.0007585   10.0002821   10.01086355
  10.00091044  10.00107668  10.01588101  10.00016335  10.03306321
  10.00010205  10.08105753  10.00067201  10.00080068   0.
  10.00015494   0.           0.           0.           0.
   0.          44.90715177 164.02847607  28.33432085  58.62702981
  65.84431524 129.30594839 137.85006512 238.32133474 138.03648531
 151.48787362 127.25218031 125.79942017  82.28669915  84.86520038
  62.63287292  34.35655179 118.77248776   0.          51.39139375
   0.           0.           0.        ]
24,[  0.          10.01492962  10.22872002  10.21566497  10.33809212
  10.09866662  10.00088032  10.02380743  10.00053789  10.00000006
  10.18833854  10.04554253  10.14401867  10.00057378  10.03165498
  10.00017028   0.          10.44036638  10.22408218  10.39679028
  10.00041868   0.           0.           0.           0.
  40.15300605  19.13057466  51.67351791  85.1096066   48.50608688
  89.34405983 128.72936762 226.21434395  90.51938569 151.42269916
 126.71443416 138.02819312 129.51453186  87.96340882 145.13486724
   0.          14.47142536 167.30093334  46.32426944  51.82959492
   0.           0.           0.        ]
25,[  0.           0.           0.          10.00202953  10.01034666
  10.00112933  10.00876794  10.00224843  10.00552331  10.00495474
  10.0024084   10.01195137  10.00300926  10.01124095  10.00086689
   0.          10.00227613  10.0031601   10.03477733  10.0001031
   0.           0.           0.           0.           0.
   0.           0.          90.53950017   7.17996277 119.35505797
 155.81775158  56.12907307 205.67623153 112.18896416 165.19110322
 178.22008377 101.27921294 213.22046289 119.04250056   0.
  54.89366572 164.71836333  67.03790052  98.8016857    0.
   0.           0.           0.        ]
26,[  0.           0.          10.11999167  10.04110856  10.00621283
   0.          10.18904673  10.25024572  10.00011095  10.05872274
  10.00328995  10.00098333  10.05828127  10.08426257  10.00475584
  10.00007957  10.00228188  10.05820557  10.23459901  10.00708821
  10.00320704   0.           0.           0.           0.
   0.          22.03889206 134.0166529   84.22873832   0.
 157.26386438 130.96507582 121.9941153  114.11326648 122.34852737
 172.76310874  96.97234933 112.25868095 126.24119994  83.08217778
  58.26878985  87.60827362 103.31209507  82.48945422  37.85782268
   0.           0.           0.        ]
27,[  0.           0.           0.          10.00009535  10.02126271
  10.31538435  10.64268153  10.00022885  10.00031383  10.10487479
  10.13927765  10.000031    10.00058006  10.00026742  10.04792073
   0.          10.03244551  10.13297909  10.11270898  10.00015377
   0.           0.           0.           0.           0.
   0.           0.          93.51894418  36.34669421  93.54345041
  91.57480187 179.34497125 139.85164502 173.59064222 151.01918824
 163.6889291  129.13728695 151.20355914  85.10601177   0.
 117.14007268  88.36029856 132.75650375  44.27715104   0.
   0.           0.           0.        ]
28,[  0.           0.          10.00093254  10.00047177  10.00037875
  10.00024785  10.00378424  10.00128225  10.00180437  10.00414679
  10.0015654   10.0009424   10.00064913  10.00140632  10.00159286
   0.          10.20522629  10.00180247  10.00093079  10.00353067
  10.00031076   0.           0.           0.           0.
   0.          19.64576696  65.27923989  42.06193556 101.98548364
  74.25754582 129.38779244  96.68389923 234.03185125 149.41269994
 148.03962663 125.76512227 133.63854476 109.57597779   0.
  69.78045627  86.12054928 126.01597959  75.67109453  49.40373474
   0.           0.           0.        ]
29,[  0.           0.          10.00488659  10.06657422  10.00480713
  10.00279113  10.00125686  10.00099752  10.07390984  10.22575634
  10.00539616  10.44929293  10.00086024  10.00217883  10.00129791
   0.          10.31255772  10.00373852  10.00349418  10.00025715
   0.           0.           0.           0.           0.
   0.          36.22013301  63.61661597  55.86853827  69.2944188
  58.85491086  95.31720204 135.94609259 192.2920033  148.9941296
 142.17856719 167.91308651 123.72088683 167.968508     0.
  70.46703193  74.06391597 188.40769638  70.06991152   0.
   0.           0.           0.        ]
0,[  0.           0.          10.00000186  10.01694197   0.
  10.34906883  10.00020141  10.0012414   10.35555043  10.00125749
  10.00211456  10.06273673  10.00055242  10.3029151    0.
  10.00166432  10.00197601  10.25133966  10.00161324   0.
  10.0016456    0.           0.           0.           0.
   0.          34.83672555 100.63087307   0.          84.71816565
 105.19685693 134.65396549 142.41286538 134.49048817 155.48158348
 247.74467152 110.24537324 175.14870817   0.          85.47634905
  82.24592296  96.14270305 139.53261725   0.          40.4167645
   0.           0.           0.        ]
1,[0.00000000e+00 0.00000000e+00 1.00129181e+01 1.00040544e+01
 0.00000000e+00 1.00127137e+01 1.00009289e+01 1.00028835e+01
 1.00021986e+01 1.00073469e+01 1.00031064e+01 1.00027043e+01
 1.00042783e+01 1.00066369e+01 1.00010861e+01 1.00050762e+01
 1.00023014e+01 1.00132601e+01 1.00039565e+01 0.00000000e+00
 1.00026113e+01 0.00000000e+00 0.00000000e+00 0.00000000e+00
 0.00000000e+00 0.00000000e+00 4.09782101e+01 4.66134325e+01
 0.00000000e+00 1.00837957e+02 9.33521980e+01 1.21851590e+02
 1.39806404e+02 1.33964669e+02 1.59823500e+02 1.49663305e+02
 1.19211137e+02 1.43592078e+02 9.28350240e+01 7.14457801e+01
 1.15169659e+02 9.28257114e+01 2.30992363e+02 0.00000000e+00
 5.00000000e-02 0.00000000e+00 0.00000000e+00 0.00000000e+00]
2,[  0.           0.           0.          10.00101167  10.00209002
  10.00074801  10.00174969  10.00046677  10.00012826  10.00045524
  10.00119166  10.00080744  10.00073728  10.00489524  10.4581866
  10.00321386  10.00009162  10.01326114  10.30927737  10.00009269
  10.00063875   0.           0.           0.           0.
   0.           0.          52.75155191  47.6654557   87.71811661
  96.26059333 135.54551441 140.33511481 128.98400794 149.12067824
 154.05806473 130.93058491 105.396932    95.31377144 111.7587872
 105.34324943  57.75725998 106.32236787  72.54318991  48.69213233
   0.           0.           0.        ]
3,[  0.           0.          10.19894561  10.11642974  10.08181214
  10.03915665  10.45752707  10.52126768  10.05614723  10.21160626
  10.51687053  10.74279235  10.020586    10.51925642  10.44586128
  10.04184774  10.02440015  10.39454478  10.11366987  10.02174789
   0.           0.           0.           0.           0.
   0.          20.52257054  56.56401448  47.23116429  64.06048218
  90.21563797 145.95273656 149.3678994  174.86958059 125.52165194
 126.1244623  120.44538954 124.72259889 119.10690822  72.72548262
 110.12496634  47.53945082 194.306777    46.189315     0.
   0.           0.           0.        ]
4,[  0.           0.           0.          10.00296399  10.00481743
  10.00070435  10.00470169  10.00884995  10.0030607   10.00630079
  10.00249235  10.00780954  10.00611192  10.00389705  10.00210085
  10.01423137   0.          10.23485757  10.00126797  10.00100601
  10.00055385   0.           0.           0.           0.
   0.           0.         118.96642862  89.25378868  68.5677151
  96.25447898 108.78777267 141.30720803 146.53909899 161.62222029
 151.06576228 121.55868683 121.95937928 108.64836806 101.1136793
   0.         134.18521121  61.24315728  78.83995698  40.9971618
   0.           0.           0.        ]
5,[  0.           0.           0.          10.34754236  10.52070051
  10.00628466  10.32080247  10.00143078  10.06776985  10.01289725
  10.48074315  10.17734142  10.01944852  10.04613934  10.29748964
  10.00001229  10.67194643  10.19048315  10.06441055  10.00043695
   0.           0.           0.           0.           0.
   0.           0.          60.94868383  40.39783721  66.71544612
 112.21859695 246.29330849 148.18044803 122.35207907 135.319893
 155.8865988  188.24489255 124.79328704  79.3095573   43.68464631
 100.71547404  34.96520326 183.91759233  48.90487435   0.
   0.           0.           0.        ]
6,[  0.          10.01872095   0.          10.00790009  10.00583843
  10.00099778  10.00649768  10.00519122  10.00216428  10.00222092
  10.00731992  10.00057183  10.00083685  10.00789185  10.01354126
  10.00019995  10.34154278  10.00401615  10.00269898  10.04150808
  10.00044652   0.           0.           0.           0.
  10.48029194   0.          59.03101675  45.78130535  55.22367408
  83.97132697 230.04089709 140.11845676 135.06142159 114.19664505
 180.47529906 129.02178938 130.3153545   45.49279221  68.58079517
  54.67127927  88.38151109 132.92898784  71.54456386  40.87487519
   0.           0.           0.        ]
7,[  0.           0.          10.00457522   0.          10.00228832
  10.21071404  10.98795861  10.07429894  10.00135439  10.00022937
  10.00004949  10.00084359  10.47545917  10.04955482  10.00157598
  10.00237181  10.00014759  10.00786718  10.00000116  10.00177172
  10.38549966   0.           0.           0.           0.
   0.          61.14629387   0.          53.19516391  64.65506261
 111.08849209 134.91068584 140.05614547 128.28676158 127.9437017
 246.47023294 141.19384108 113.41426789  84.27986274  47.88163746
 140.58141698  83.3254504  100.96890183  27.33051231  37.03812833
   0.           0.           0.        ]
8,[  0.           0.          10.0034625   10.00230673  10.00031002
  10.00654826  10.27812236  10.53440435  10.01347338  10.00477458
  10.00617471  10.00132687  10.00597173  10.00123958  10.00065979
  10.00024083  10.00077108  10.00413348  10.00065762  10.00046003
  10.00961962   0.           0.           0.           0.
   0.          41.19558557  36.06409889  32.63892731  66.90445652
 121.58506371 104.77814629 139.48453525 159.09665401 134.74863426
 150.69381445 128.79683929 121.75565579  83.35819148  75.72262261
  70.05847928  87.77714495 132.95756359  87.46110184  28.59391314
   0.           0.           0.        ]
9,[  0.           0.          10.00139168  10.08280489  10.00085999
  10.17989147   0.          10.00140655  10.15741176  10.08462165
  10.28520513  10.15144724  10.59857151  10.04698384  10.07759113
  10.20434236  10.6081467   10.          10.0272679   10.03943338
   0.           0.           0.           0.           0.
   0.          96.38694809  47.38243982  44.84752588 113.53865365
   0.         110.52464012 145.14081064 133.38109036 151.66902889
 161.75119682 174.55458164 138.92443838  85.39635184  83.92672839
  68.12849544  89.27946403 121.97393252  77.53433379   0.
   0.           0.           0.        ]
10,[  0.           0.           0.          10.00279214  10.10867826
  10.00142443  10.00031937  10.09976936  10.00100892  10.00121709
  10.00111536  10.14551036  10.00671839  10.13281807  10.00040242
  10.00094608  10.17018242  11.29907457  10.00111856  10.00033457
  10.00070634   0.           0.           0.           0.
   0.           0.          97.79052328  58.64540954  69.87038657
  95.56573353 129.29398436 139.89786648 136.59151687 163.82129788
 214.72325086 129.16301484  86.48289638  81.55789705  75.03240311
  71.56473509  85.97602021  71.29888797  64.25957692  51.99615595
   0.           0.           0.        ]
11,[  0.           0.          10.0037207   10.00024833  10.44117981
  10.32526622  16.44099664  10.00324537  10.00365512  10.00086715
  10.00621159  10.00368323  10.00197474  10.32021009  10.01238376
  10.01079379  10.00178935   0.          10.00350437  10.00109445
  10.00095714   0.           0.           0.           0.
   0.          71.12976587  32.90945135  16.86384938  54.64991035
  88.14477614 116.63697546 137.09520857 206.54359499 144.45522556
 143.1242204  200.44002907 187.61731984  66.37914811  74.44462085
  57.77956057   0.         147.11718021  59.22866064  44.57692545
   0.           0.           0.        ]
12,[  0.          10.1127502    0.          10.22937199   0.
  10.03392737  10.17408767  10.0000545   10.01604642  10.00000048
  10.00002994  10.00000369  10.2907394   10.00030523  10.0002815
   0.          10.00076843  10.00000275  10.00002761  10.00000449
  10.00000774   0.           0.           0.           0.
   5.47840297   0.         121.60348745   0.         150.86202374
  95.22154007  84.4043543  148.55620945 124.99704353 149.55115396
 173.40898756 244.70699124 123.32626662  85.21933829   0.
  74.96065725  78.51548026 118.26187495  69.90034717  46.0989285
   0.           0.           0.        ]
13,[  0.          10.00023153  10.00001897  10.01637659  10.00245878
  10.00006251  10.00690952  10.00294255  10.02254058  10.01455843
  10.01246342  10.00017446  10.00334989  10.01568407   0.
  10.00074188  10.00557366  10.00000001  10.03571489  10.00007458
  10.03569167   0.           0.           0.           0.
   5.99390958  22.02590634  45.17970874  91.65007581  68.92494271
 111.69250113 115.54258296 115.19364343 116.90851815 197.45631669
 150.6498072  128.6153765  144.33112055   0.          83.10340935
  66.70489812 111.58824595 132.94797941  57.78199249  50.81835681
   0.           0.           0.        ]
14,[  0.           0.           0.          10.0025182   10.22184309
  10.97363601  10.00076364  10.18641792  10.00178607  10.00154996
  10.00165959  10.00455787  10.00038272  10.00101835  10.00016973
  10.00173457   0.          10.00002705  10.00189488  10.00360388
   0.           0.           0.           0.           0.
   0.           0.          73.52974724 149.58245188  73.03325574
  95.34313297 128.04696391 113.19084719  80.15518178 170.5625673
 155.82462883 143.04113825 225.3234001   85.63549242  86.65582993
   0.          90.05987146 132.60507014  66.44310489   0.
   0.           0.           0.        ]
15,[  0.           0.          10.00045155  10.00345339  10.00039017
  10.00310275  10.00305017  10.00306103  10.00027925  10.00085949
  10.00001869  10.00047319  10.00440804  10.00212904  10.0017009
   0.          10.00039636  10.0028353   10.18556602  10.0027178
  10.00201486   0.           0.           0.           0.
   0.          27.27223245  77.67558242  52.57835006  16.50587834
 151.18344023 141.67763272 130.0265445  135.66481    148.8375415
 153.02656234 146.45911208 132.22067541 135.53803562   0.
  66.90205943  89.02816167 120.20720747  58.87387648  49.56144585
   0.           0.           0.        ]
16,[  0.           0.          10.00242997  10.00114022  10.00199595
  10.0007732   10.00029853  10.04293612  10.00054932  10.00073418
  10.00340777  10.00109988  10.01773523  10.00071637  10.00183635
  10.00098531  10.09532542  10.00041394  10.00125082  10.30572854
   0.           0.           0.           0.           0.
   0.          15.22194918  51.9600868   46.27888448  68.13786531
  96.83568804 129.0521664  241.78039213 139.86333627 141.12026093
 151.85068052 129.42376303 132.29317797  59.86239763  89.31266331
  69.68956941  88.47021758 132.71660064  37.41171049   0.
   0.           0.           0.        ]
17,[  0.           0.          10.00425993  10.00846311  10.01357994
  10.01695723  10.          10.00649869  10.00224775  10.00941934
  10.00000001  10.00124949  10.00376155  10.00499216  10.00111681
  10.00000001  10.00785782  10.00569185  10.01251728  10.00896245
  10.00358271   0.           0.           0.           0.
   0.          18.02398479  52.80095704  58.33787284  44.13171891
  97.00319769 156.5804587  139.93539202 142.68865614 145.02975639
 150.84312786 119.96290915 121.1559205   49.83402675  84.9107473
 117.0542918   85.61954875 138.03051616  49.00073799  37.0865459
   0.           0.           0.        ]
18,[  0.           0.          10.00029691   0.          10.00023483
  10.00271785  10.10670629  10.0001315   10.00057949  10.00021465
  10.33874491  10.00019667  10.00020828  10.0000779   10.00034765
  10.00007289  10.01535433  10.00061229  10.00096833  10.00017807
  10.97014807   0.           0.           0.           0.
   0.          53.85791211   0.          46.15728035  69.88052469
 100.62070776 132.73215767 146.71208861 141.9327954  150.73712243
 123.08204915 190.89471539  91.60782706  75.20970452 109.06840224
  57.76030005  88.72187812 130.51839209  69.13744263  45.82173305
   0.           0.           0.        ]
19,[  0.           0.          10.00024998  10.00544484  10.00258706
  10.00698179  10.00003116  10.2448152   10.00030134  10.00442675
  10.00009783  10.01007325  10.00017316  10.00542993  10.00617559
  10.00002884  10.01748479  10.00006163  10.00429565  10.00660517
   0.           0.           0.           0.           0.
   0.          48.62723159  58.70944067  45.2430707   76.69601935
 165.04109299 128.35048399 146.55455446 137.25026846 170.95380367
 135.66604081 128.52233329  99.182606    85.11429847  94.82285524
  62.75053856  60.47922686 112.23406014  70.56912771   0.
   0.           0.           0.        ]
20,[  0.           0.          10.12445741  10.63647765  10.08542948
  11.27699827  10.22582096  10.02768731  10.54487654  10.15480901
  10.82487826  10.09796166  10.74712127  10.03898908  10.01529035
  10.0622326    0.          10.04829645  10.10026497  10.29420282
  10.04621989   0.           0.           0.           0.
   0.          -9.26607078  92.54405115  50.17725251 118.83613191
 180.01261925 111.58370128 138.79321312 127.09345042 147.99963712
 177.74395682 163.59965245  71.00105095 103.7078215   68.66161434
   0.          95.02994843 117.56426277  68.08683143  25.48761963
   0.           0.           0.        ]
21,[  0.          10.02008144  10.13194342  10.00009806  10.00134078
  10.00022924  10.15811179  10.05935626  10.00005299  10.1575258
  10.11405733  10.00018477  10.32573506  10.07084564  10.06394806
  10.03225442  10.2276163   10.1717875   10.00022212   0.
   0.           0.           0.           0.           0.
   6.65568418   7.97804279  53.48626175  46.28164507  72.01540039
  96.00438978 129.65316992 140.88981965 153.81137783 150.72117111
 138.52474463 186.46072392 143.65172728  85.44445092  88.24845403
  71.53636393 116.33931157 135.69465758   0.           0.
   0.           0.           0.        ]
22,[  0.          10.01395327   0.          10.0033734   10.00075143
  10.00152591  10.00088432  10.00551659  10.06524538  10.00040323
  10.03521141  10.00330478  10.0075339   10.00209639  10.15449148
  10.00777248  10.0056669   10.00067067  10.00048288  10.00116382
  10.00001386   0.           0.           0.           0.
  20.86064787   0.          99.74951587  35.12319308  57.11030959
  93.70091188 129.74899982 156.18918585 138.43558558 150.87888324
 143.16091    104.51158226 125.78287246  85.28881401  94.8462907
  45.81359228  88.30470042 137.27221436  81.77301589  19.93367892
   0.           0.           0.        ]
23,[  0.           0.          10.15024182  10.00333186  10.00011452
  10.00513844  10.01002823  10.00017908  10.00040375  10.21190083
  10.07494354  10.2555794   10.0018007   10.00140187   0.
  10.08926556  10.12324153  10.00622238  10.13576753   0.
  10.00228302   0.           0.           0.           0.
   0.          21.43986531 109.08991994  58.39666025  67.88990699
 187.93891872 128.89986736 104.92734417 126.01780352 203.82121423
 150.94830443 128.55733596  85.6304819    0.          85.07909575
 118.52985651  68.1610313  167.93314746   0.          51.20972439
   0.           0.           0.        ]
24,[  0.           0.          10.00666475  10.00717347  10.00607742
  10.01191352  10.01494106  10.00233504  10.00977488  10.00507742
  10.00850307  10.0182053   10.00863907  10.00482379  10.00258277
  10.00433744  10.00875365  10.00262569  10.00788636  10.00285852
  10.04894844   0.           0.           0.           0.
   0.          21.74104551  52.72787962  43.63366938  75.10803585
  95.94271493 126.06480973 138.18072037 112.04898223 147.64062606
 136.68536775 170.02988434 130.28100703  66.16249411  72.18846987
  69.98793517  88.08533942 125.18285624  83.93242268  44.66573918
   0.           0.           0.        ]
25,[  0.           0.          10.00958035  10.00789424  10.00112026
  10.00604685  10.00967532  10.00335347  10.00207219  10.01389188
  10.00352692  10.01779822  10.01311425  10.00484831  10.0068756
  10.00710949  10.49477573  10.00315317  10.0032062   10.01037401
  10.01030358   0.           0.           0.           0.
   0.           6.26966167  49.79315716  47.16835532  73.0396154
  96.00389367 123.35990456 195.23525969 137.38245976 132.11037037
 212.94253617 128.59267189 122.38358901  63.67450378  83.76160978
  60.23456667  88.3847072   75.62884862  74.44219823  41.67968874
   0.           0.           0.        ]
26,[  0.           0.          10.00611036  10.0049008   10.00097752
  10.00288282  10.00975995  10.00399931  10.00383383  10.00545109
  10.00254442  10.00272315  10.00218201  10.01187553  10.00378153
  10.00048205  10.00076811  10.00459802  10.00181026  10.01053618
   0.           0.           0.           0.           0.
   0.          57.23527218  36.77445345  15.33003959  70.61788515
  95.88200388 111.21337146 138.72681131 136.56323709 151.2137573
 173.67260921 128.75213409 161.99056642  96.96903741  79.9854829
  70.99088242  88.23288264 131.25497994  74.47035968   0.
   0.           0.           0.        ]
27,[  0.           0.          10.0011052   10.18250339  10.00135657
  10.25418804  10.00040052  10.19629655  10.          10.00057231
  10.09167366  10.00025224  10.18337552  10.0044991   10.57112944
  10.00080932  10.00136355  10.07482606  10.00103963  10.00008815
  10.00005446   0.           0.           0.           0.
   0.          22.338903    42.15436884  71.9263903   68.16003502
  88.79408799 128.97690845 139.60632239 133.2273105  151.73173103
 102.97635026 175.80454799 118.81874347 122.83715321  85.0123014
  94.38202182  91.48662006  56.87664136  70.22303123  48.64963934
   0.           0.           0.        ]
28,[  0.           0.           0.          10.15091294  10.26422965
  10.53788795  10.44931535  10.05712454  10.00964819  10.00062361
  10.26618511  10.01360549  10.18095901  10.00704677  10.04312665
  10.13924627  10.31729522  10.39619646  10.19207644  10.00688887
   0.           0.           0.           0.           0.
   0.           0.          45.69585103  75.88169832  70.49821517
 129.47786697 170.39221536 145.38395981 142.49091387 141.87418106
 136.80423262 135.72436862 113.71761853  75.96466735  52.56729938
  86.31894     93.94498126 139.83540236 126.63938652   0.
   0.           0.           0.        ]
29,[  0.           0.          10.00002342  10.64814138  10.0313841
  10.00039275  10.25631592  10.20072985  10.20730888  10.00193664
  10.00002757  10.00136084  10.32063246  10.32486753  10.35932957
  10.03466928  10.23495934  10.38102012  10.07222502  10.29311598
  10.001519     0.           0.           0.           0.
   0.          10.4795587   55.55210913 124.77260945  70.31737298
  67.86913314  80.86471949 136.5138209  134.86843939 136.72149119
 150.27549205 128.97190384 122.360508   163.77041271  64.54887272
  59.08181504  73.1367454  115.12648117  74.44286825  47.05172139
   0.           0.           0.        ]
0,[  0.           0.          10.0000861   10.00006982  10.00004304
  10.0000342   10.0001724   10.00007716  10.00006699  10.00009108
  10.00016324  10.00011976  10.00012741  10.00009941  10.000049
  10.00015093  10.00018406  10.000225    10.00002827  10.00001094
   0.           0.           0.           0.           0.
   0.          16.29439467  22.17355633  84.90244712  82.14928602
 100.70812553 148.27805572  97.82945812 170.82925935 154.61003556
 173.43991083 127.46367155 123.71008135 150.78881512  66.51016196
   1.20024626 114.54837905 136.04880999  71.65339044   0.
   0.           0.           0.        ]
1,[  0.           0.          10.0042732   10.00481325  10.00165832
  10.00327434  10.0030155   10.00369358  10.00025057  10.0011239
  10.00128482  10.00062199  10.00227282  10.00069996  10.0014747
  10.00530845  10.00141081  10.00092689  10.00099237  10.00386667
  10.00088786   0.           0.           0.           0.
   0.          47.53743595  53.05656326  28.63667501  90.3318549
  79.75525456 140.1875922  114.57300952 232.6265894  152.0614802
 137.63257254 129.42531087 126.44815228 135.46657258  44.39110368
   1.10596727  63.71837105 135.73541353  64.45549985  52.03553056
   0.           0.           0.        ]
2,[  0.           0.          10.00265212  10.00014752   0.
  10.00298834  10.00003175  10.00071518  10.00048965  10.00007515
  10.00043921  10.00044434  10.00062036  10.00018842  10.00148183
  10.00011644  10.00061664  10.03027427  10.00032378  10.00026473
   0.           0.           0.           0.           0.
   0.          25.39523922  97.04423119   0.          83.16152693
 107.98400353 188.27555821 140.91796151 122.66691544 194.13379007
 126.05178422  82.0978149  125.7834951  138.89827778 139.97921835
  61.99416283 101.63654469  52.53035856  77.64655885   0.
   0.           0.           0.        ]
3,[  0.           0.           0.          10.00025061  10.01155379
  10.00108615  10.00010102  10.00063406  10.00015355  10.00045885
  10.00033466  10.38893662  10.77466503  10.12959141  10.00044636
  10.00636952  10.00034623  10.00059863  10.01632113  10.00081798
   0.           0.           0.           0.           0.
   0.           0.          52.67221861  79.24078972  69.01620875
  80.48262908 180.0927706  120.92863725 133.48673153 225.69978719
 150.55182966 128.176826   100.79307062  84.71458103  80.86019708
  70.18950909  46.17869581 102.96062908 145.24434256   0.
   0.           0.           0.        ]
4,[  0.           0.           0.          10.0186624   10.00293815
  10.55425989  10.01122265  10.84534097  10.00180466  10.00164856
  10.15364257  10.00698701  10.00035542  10.01338842  10.30615109
  10.00011942  10.01509248  10.8887152   10.29437472  10.00861856
   0.           0.           0.           0.           0.
   0.           0.         137.62664363  46.80448575  55.8049893
  97.32854819 163.80516649 132.63618714 152.08560817 153.88055722
 145.47231439 127.09297246 125.04896485  58.00964615  84.32296241
  69.85261906  73.4092513  136.4425487   74.48999809   0.
   0.           0.           0.        ]
5,[0.00000000e+00 1.00014837e+01 1.00625297e+01 1.00000726e+01
 0.00000000e+00 1.00000147e+01 1.00182169e+01 1.00033670e+01
 1.01666340e+01 1.00299464e+01 1.00234434e+01 1.00002718e+01
 1.01228558e+01 1.02276732e+01 1.00272367e+01 1.00003385e+01
 1.01402894e+01 1.00049658e+01 1.01542206e+01 0.00000000e+00
 1.00086794e+01 0.00000000e+00 0.00000000e+00 0.00000000e+00
 0.00000000e+00 5.00000000e-02 6.18708451e+01 5.28787354e+01
 0.00000000e+00 7.47702015e+01 9.66612374e+01 1.03062057e+02
 1.85386433e+02 1.19594613e+02 1.45804668e+02 2.21532145e+02
 2.39889006e+02 9.90768732e+01 8.29075701e+01 8.46819261e+01
 6.91511309e+01 1.20045676e+02 9.68387046e+01 0.00000000e+00
 1.66692205e+00 0.00000000e+00 0.00000000e+00 0.00000000e+00]
6,[  0.           0.           7.21929029  10.06426034  10.00429446
  11.07873712  10.01249069  10.12604436  10.05435135  10.00367291
  10.0020963   11.11981711  10.39849662  10.00853412  10.0187041
  10.0147932    0.          10.02336477  10.00508568  10.00314258
  10.00420144   0.           0.           0.           0.
   0.           0.          76.02332688  43.76386241 115.88026272
 103.72951239 180.32437858 138.41925985 132.25330903 106.36226378
 151.06731517 202.65757843 145.09386377  31.86619595 109.07407423
   0.          96.14707974 131.64495789  99.00513489  26.86373323
   0.           0.           0.        ]
7,[  0.           0.          10.00033444  10.00004951  10.00034725
  10.00016217  10.00101944  10.00005968  10.0000789   10.00065249
  10.00048716  10.00023195  10.0003418   10.00015873  10.00004078
  10.00005524  10.00022801  10.00019259  10.00000002  10.00007202
  10.00008508   0.           0.           0.           0.
   0.          60.49503728  92.60195545  37.73109999  72.00495845
 105.06842389 137.87196258 107.13208763 102.19024805 150.46399298
 171.8131097  122.02853264 101.87925213 199.26249063  37.47091083
  20.93636483  91.97351687 137.83131721  54.83789426  31.37322179
   0.           0.           0.        ]
8,[  0.           0.          10.03115134  10.00141482  10.00903855
  10.00650107  10.00212285  10.01603403  10.00078751  10.00739213
  10.00816072  10.00054106  10.01233651  10.0098279   10.00531102
   0.          10.00673709  10.02903481  10.00983118  10.00986786
  10.00352047   0.           0.           0.           0.
   0.          21.31676104  49.48779174  95.13387077  43.35324734
 108.77477738 131.46072629 142.76655358 156.48007787 131.68482631
 149.52504305 129.47359517 135.63391786 129.26832394   0.
  67.12513113  88.02212705 122.27670434  73.08060881  51.39407414
   0.           0.           0.        ]
9,[  0.           0.          10.00059888  10.00373445  10.00445641
  10.00086899  10.00150938  10.00205535  10.00084535  10.00336656
  10.00113769  10.0005347   10.00227542  10.00436705  10.0006508
  10.00023807  10.00183998  10.00608517  10.0038521   10.00602917
  10.00037803   0.           0.           0.           0.
   0.          23.52110562  53.14386145  45.6830948   51.67700414
 123.88390035 150.07791389 140.5499827  136.18817304 150.71258121
 151.04693842 187.61745813 127.06835925  86.63376971 109.24682133
  66.52327846  -5.69465242 107.46420312  76.40341546  42.43260226
   0.           0.           0.        ]
10,[  0.           0.          10.00001785  10.00015104  10.14026156
  10.00001185  10.00000013  10.04492002  10.02747847  10.45590771
  10.33579619  10.00006037  10.00006552  10.35567263  10.19036866
  10.00000214  10.00042075  10.00014425  10.07595482  10.0000145
  10.00008948   0.           0.           0.           0.
   0.          21.83002072  52.66230292  45.84249853 111.19358965
  81.57243296 108.44782851 131.30023605 137.39273311 135.74495695
 209.21971233 129.03636526 117.65997402  97.86635053 122.90332887
  35.32207147  88.71818503 127.09817461  46.53313555  16.33991727
   0.           0.           0.        ]
11,[  0.           0.          10.00186962  10.00204778  10.0026024
  10.00313536  10.00219209  10.00054759  10.00057836  10.0002
  10.00019936  10.1272488   10.00059742  10.00168715  10.00310868
  10.00764432  10.00152256   0.          10.01078485  10.00034466
  10.00331807   0.           0.           0.           0.
   0.          44.51082226  51.27530219  66.3344942   71.18916744
  98.51958568 131.73247639 159.81622713 146.87869534 168.11560467
 153.96553353  72.8075061   76.5655583  145.97453583  85.39258681
 114.1380937    0.         142.25939724  77.74139595  34.93098268
   0.           0.           0.        ]
12,[  0.           0.          10.00088116  10.00059643  10.00051848
  10.00045235  10.00043922  10.09250593  10.00123648  10.0000439
  10.00028671  10.00064164  10.00028667  10.00022219  10.00059519
  10.00035614  10.00038411  10.00004239  10.00009156  10.00017491
  10.00180744   0.           0.           0.           0.
   0.          22.54882133  52.15260281  44.47230055 123.7907362
  95.99121774 130.8740236  109.47442992 126.96208399 125.13205328
 150.08032503 130.56030956 123.99261202  82.59184544 122.25276438
  68.66907912  77.97328015 129.49355399  74.67405239  15.70532988
   0.           0.           0.        ]
13,[  0.           0.          10.05935172   0.          10.03462961
   0.          10.00792644  10.0334421   10.0623917   10.86290013
  10.13008672  10.01507863  10.02070738  10.05463771  10.02974123
  10.05607883  10.00468579  10.04156721  10.012867    10.09287283
  10.00777982   0.           0.           0.           0.
   0.         120.92750534   0.          85.46729982   0.
  95.97998684 128.5556078  201.43538314 134.24166027 151.03321072
 176.37110454  73.35313334 154.2230646   84.07034784  84.51653515
  84.09611216  88.76708237  86.91834843  65.65798555  50.62418297
   0.           0.           0.        ]
14,[  0.           0.           0.          10.00222788  10.00024841
  10.62894936  10.15182985  10.00352335  10.00088731  10.02757304
  10.37814423  10.11467057  10.12756179  10.43581357  10.00141204
  10.00137441  10.00296589  10.00082136  10.00051553  10.00104184
   0.           0.           0.           0.           0.
   0.           0.          52.31498224  66.38743652  64.54607435
 165.80058956 132.49014154 139.75981769 118.24460614 169.1879827
 132.82935569  99.82086545 143.54500689  63.67538914 170.94601422
 108.19790428  89.05506234  77.97554271  60.78369104   0.
   0.           0.           0.        ]
15,[  0.           0.          10.30183092  10.69299233  10.00650595
   0.          10.15755288  10.01169156  10.00350309  10.20491731
  10.00332417  10.00210741  10.00029559  10.00239789  10.00917642
  10.53022473  10.02763312  10.00590736  10.00830661  10.00378437
  10.00157284   0.           0.           0.           0.
   0.          21.51433427  64.31915953  74.48784639   0.
  95.48745393 149.5819106  153.44646004 174.76444106 129.47043697
 150.76314363 128.80668409 110.14761081 137.40144608  81.27855251
  68.36506169  91.72030735  92.79949489  54.21693098  51.88092755
   0.           0.           0.        ]
16,[  0.           0.           0.          10.04957071  10.20474623
  10.074985    10.01520521  10.02131687  10.09025522  10.24943188
  10.31446916  10.05700108  10.16296273  10.07036859  10.05259776
  10.02595837  10.03410792  10.1654528   10.21890141  10.05490853
  10.04414862   0.           0.           0.           0.
   0.           0.          61.19055502  44.5839168   63.81230005
  89.8055774  127.44094435 203.89153444 145.16226516 201.81535004
 139.91364203 199.45196844  69.93610579  90.37271252  61.75111402
 130.11284115 141.14655116  62.34131692  83.33862143  21.52249641
   0.           0.           0.        ]
17,[  0.           0.          10.00032182  10.00000176  10.00041348
  10.00034047  10.00000156  10.00052234  10.00012853  10.00042838
  10.38249877  10.00073189  10.00005945  10.00007227  10.00007201
  10.00034625  10.00024706  10.10284373  10.00024569  10.00011338
  10.00013336   0.           0.           0.           0.
   0.          22.56382425  52.61309047  47.04209682  69.49598053
  96.02908139 129.00693971 212.20127537 144.04883502 135.47855765
 150.89504564 172.2108853  125.72121846  32.92830134  84.55073563
  70.31603952  83.52152839  94.27779299  38.84497791  50.893515
   0.           0.           0.        ]
18,[  0.          10.00085275   0.          10.00030488  10.00041188
  10.34402897  10.00106881  10.00003014  10.36252588  10.00298771
  10.00241283  10.00149358  10.00190922  10.06075027  10.00007669
  10.4489535   10.00028898  10.00398777  11.58334257   0.
   0.           0.           0.           0.           0.
  -0.51164615   0.          69.49393235  56.52913831 132.01811544
  80.31101586 128.2103887  142.32705926 134.86569509 151.64645191
 122.31956675 130.11468588 123.61633006 167.80374587  84.81504847
  70.15726072  57.40005238 202.38416598   0.           0.
   0.           0.           0.        ]
19,[  0.           0.           0.          10.00036296  10.07480221
  10.00144122  10.00049144  10.00071262  10.0004057   10.00070044
  10.00001015  10.08257247  10.00107883  10.531168    10.00029826
  10.00011773  10.23540011  10.00124386  10.00069731  10.00231057
  10.00043533   0.           0.           0.           0.
   0.           0.          52.97888984  64.57962702  45.55336964
 157.48769842 128.45206967 137.61321663 110.90092375 161.50249319
 148.78942424 131.55079329 108.53616994  80.64920425  97.76337348
  72.28515094  84.53255616 133.37199338  64.29106264  51.81460022
   0.           0.           0.        ]
20,[  0.           0.           0.          10.01535143  10.0118682
  10.00060562  10.0017738   10.00575224  10.01413429  10.00342528
  10.00230358  10.00539371  10.01228378  10.00289512   0.
  10.01017591  10.00621454  10.00706136  10.00173907  10.00037799
  10.00455205   0.           0.           0.           0.
   0.           0.         117.30440247  47.64770486 109.86498602
  57.6064076  133.21522915 167.72351177  88.90969073 152.74321336
 152.03377238 190.19694781 137.05348993   0.         112.34431487
  61.65445653  68.11358897 131.9406046   91.21890615  38.6212818
   0.           0.           0.        ]
21,[  0.           0.          10.00123732  10.00257779  10.00085988
  10.00246671  10.00124801  10.00384188  10.00112717  10.00049174
  10.000286    10.10897588  10.00000159  10.06242232  10.0012478
  10.03548236  10.00119633  10.00027454  10.00005687  10.00006206
   0.           0.           0.           0.           0.
   0.          30.41360071  14.27846878 117.62184074 103.05135841
  95.0350175  111.8975878  142.62608231 132.13473372 117.73368484
 150.76457394 129.00187881 231.24882342  50.87780346  44.53910521
  70.02191124  90.33126362 131.72251877  78.60431184   0.
   0.           0.           0.        ]
22,[  0.           0.           0.          10.0147751   10.00798701
  10.03476374  10.05104979  10.00002912  10.00049449  10.00268184
  10.04536139  10.09839141  10.00002981  10.0615752   10.00250271
  10.08578173  10.00323833  10.01565643  10.01680646  10.00417281
  10.0001941    0.           0.           0.           0.
   0.           0.          53.04280771  57.29483648  85.1336441
  81.01628039 108.98018966 216.68665892 127.05854471 167.2149413
 125.00564516 177.64764288  71.28578187  90.09558329  58.56700808
  63.9777489  152.05936121 129.3089383   51.5334215   27.87574901
   0.           0.           0.        ]
23,[  0.           0.          10.00355417  10.00054039  10.095782
  10.00064573  10.18170766  10.00021053  10.00009886  10.018207
  10.54152292  10.12082668  10.29220766  10.00008395  10.01317562
  10.10148106   0.          10.00054557  10.0028272   10.05886634
  10.00060878   0.           0.           0.           0.
   0.          36.6265319  120.80115903  42.00552612  69.53351586
  94.75491365 131.3468392  202.61618761 159.28012705 149.52860459
 159.36092218 117.49910436  87.02188868  49.86219381 101.07312843
   0.         104.95911885 125.71291751  50.19923535  35.83657574
   0.           0.           0.        ]
24,[  0.           0.          10.00374756  10.00103618  10.00215257
  10.00432993  10.00112898  10.00143068  10.00089297  10.00083866
  10.00664257  10.00073269  10.00543881  10.00231065  10.00150309
  10.00327851  10.00669183  10.00447245  10.00028986  10.00093262
   0.           0.           0.           0.           0.
   0.         111.0084161   55.78641171  41.21159313  66.15398594
  96.80029357  82.18855752 136.10820471 136.43746617 154.4031071
 179.05981978 136.88927564 117.41170221  38.35906088  89.81459478
  90.93600033  90.44429937 132.58355926  74.16416809   0.
   0.           0.           0.        ]
25,[  0.           0.          10.00490982  10.00000299  10.05781471
  10.02771948  10.01574409  10.00000015  10.00681709  10.00000126
  10.05170216  10.00853741  10.00001397  10.01838683  10.02841803
  10.03945685  10.05459058  10.15061585  10.07079111  10.00759384
   0.           0.           0.           0.           0.
   0.          10.59532915  65.54523576  48.55596654 153.24054331
  88.40085427 137.07450281 114.40980582 145.73199064 153.70726062
 161.8043382  127.03218613 110.37840704  86.18597576  99.83593144
  82.09125509  31.8724249  151.71937905  64.25352514   0.
   0.           0.           0.        ]
26,[  0.          10.00024306   0.           0.          10.00002392
  10.00395932  10.0005829   10.00229554  10.00028717  10.000419
  10.00190753  10.00491395  10.00161047  10.00112081  10.00145102
  10.00039599  10.00301588  10.48240002  10.00102019  10.00201605
  10.0015905    0.           0.           0.           0.
  46.24913261   0.           0.          78.90215494  70.4109215
  97.56628469 130.28295947 139.5408544  172.8835986  117.67599626
 152.39453675 130.28525451 127.41909883  85.02497087  97.77457796
  70.43025555  55.42864169 125.14003281  75.34949     51.02082016
   0.           0.           0.        ]
27,[  0.           0.          10.00133126  10.00037121  10.00185683
  10.00226665  10.0000694   10.00117164  10.00131691  10.00023689
  10.00152177  10.04441597  10.00042391  10.00075451  10.00337617
  10.00252893  10.          10.00166569  10.00181131  10.00245036
  10.00028593   0.           0.           0.           0.
   0.           7.68415002  55.07585765  62.98426962  20.94960475
 146.80008098 150.96349441 136.37526276 138.77151599 187.61177108
 154.90294831 127.77313559 126.00565279  85.75581686  35.04266184
  30.82607634  88.7966648  133.00425863  74.13332213  51.49254635
   0.           0.           0.        ]
28,[  0.           0.          10.00107257  10.22395032  10.00009459
  10.00071435  10.04324784  10.43416256  10.19482482  10.0004074
  10.00111654  10.42986889  10.18934068  10.00037095  10.63857253
  10.22236927  10.00099128   0.          10.00298068  10.15323883
   0.           0.           0.           0.           0.
   0.          21.73489375  52.65318826  66.09949212 181.35106932
  60.43392845 123.99995562  63.02020156 155.48325163 149.62778976
 151.11594224 132.43236141 157.30783824 149.40473609 112.93912572
  49.61287426   0.         147.25506318 100.19927837   0.
   0.           0.           0.        ]
29,[  0.           0.          10.01004365  10.00233771  10.00184054
  10.00611313  10.00398336  10.00111738  10.04484379  10.00698968
  10.0023985   10.00012077  10.00401776  10.00043401  10.00129889
  10.00617106  10.00872534  10.0065973   10.00141932  10.01255978
   0.           0.           0.           0.           0.
   0.          25.07288469  48.85016121 148.08945265  69.10557025
  88.91066078 207.12597851 121.54612748  58.06943396 167.31726779
 160.47946653 107.6571049  121.25288202  88.4125118   71.76831999
  72.28225568  86.37493759 132.3799563   65.11298427   0.
   0.           0.           0.        ]
