0,[  0.           0.           0.          10.04267445  10.04388649
  10.17514343  10.1213142   10.08218272  10.06260127  10.10208654
  10.20342949  10.06002503  10.09819108  10.00829918  10.01871324
  10.0464282   10.08326653  10.03278885  10.02977853  10.01774352
  10.09671075   0.           0.           0.           0.
   0.           0.         139.0795044   36.26556894  95.29179735
  82.09020887 108.27628336  94.1484737  222.05874099 122.04249027
 227.71906848 121.8699702  120.94058833  83.08745536 146.14234819
  16.20595026  54.03671661  94.85797671 124.08204964  33.47989659
   0.           0.           0.        ]
1,[  0.           0.           0.          10.24609926  10.00774546
  10.02975211  10.02757332  10.01614059  10.02132015  10.05036369
  10.01033872  10.04766349  10.00489851  10.00133558  10.00398395
  10.02955466  10.02255008  10.28822734  10.04962944  10.03555027
  10.06823407   0.           0.           0.           0.
   0.           0.          94.74040651  83.9489084  121.40509761
  36.56443958 168.42011454 100.40992534 147.26393861 179.81098433
 194.53707486  66.64717597 116.36168274  62.1725064   92.77449654
 108.99695509 129.1401777   58.76022683  56.01923862  47.61534662
   0.           0.           0.        ]
2,[  0.          10.00495888   0.          10.00102869  10.0057886
  10.00226454  10.00190422  10.00129969  10.00016522  10.00372966
  10.00221298  10.00514442  10.00221425  10.0008238   10.00914846
  10.00238922   0.          10.00206816  10.00267587  10.00242363
  10.00146387   0.           0.           0.           0.
   5.61229965   0.          50.94225593  64.51329762 113.0317648
  95.27115211 136.67586481 140.12122675 169.55139185 172.74137384
 147.73617656 127.14021707 106.1811933   87.11183348 115.09178463
   0.          72.99364488 113.36737022  69.75199866  41.38982303
   0.           0.           0.        ]
3,[  0.           0.          10.00084198  10.02620893  10.00336851
  10.00141366  10.00121964  10.00327502  10.00045176  10.00010169
  10.00294926  10.00293263  10.01401477  10.00786977  10.00417437
  10.01172867  10.00053406  10.00459324  10.00196406  10.00246813
  10.00074439   0.           0.           0.           0.
   0.          36.89414445  87.419718    52.82186482  74.31899364
  80.10027863 121.29080761 141.99386722 114.97935636 150.48863215
 152.62275107 116.77404849  92.12656529 147.19921903  98.68190755
  84.71111415  80.78417266  76.08777996  74.0066367   35.45813682
   0.           0.           0.        ]
4,[  0.           0.           0.          10.01152438  10.0009045
  10.00515066  10.00091116  10.00376181  10.00403844  10.00605173
  10.00249483  10.00209949  10.00110454  10.00045467  10.00343561
  10.00031208  10.00065546  10.00249064  10.00200948  10.00654714
  10.00439216   0.           0.           0.           0.
   0.           0.          93.61638342  45.92210116  68.95985048
  99.76285573 140.09560032 104.18806593 195.32531111 127.10152053
 157.15347142 113.79346301 125.24171078  92.11759486  55.28172267
  62.70895579  90.81026164 150.15815136  74.53988323  31.1043612
   0.           0.           0.        ]
5,[  0.           0.          10.19927048  10.00018939   0.
  11.72545599  10.02123829  10.16746476  10.04745448  10.11818692
  10.19630419  10.24141709  11.12251492  11.00777078  10.15236392
  10.01651658  11.09077983  12.20890106  10.08267734   0.
   0.           0.           0.           0.           0.
   0.         111.0752908    9.7904145    0.          65.49630994
  91.34221424 167.37974727 130.48331056 141.17252422 175.26589243
 164.578201   116.7444651  124.3671825  188.59147475 129.52565234
  53.22904887  99.17258947 137.20407102   0.           0.
   0.           0.           0.        ]
6,[  0.           0.          11.33839205  10.05067016   0.
  10.04863886  10.05325969  10.12237217  10.1469493   10.15344335
  10.69124784  10.50525485  10.85071238  10.13579152   0.
  10.01383111  10.29624062  10.36010063  10.0942594   10.15665197
   0.           0.           0.           0.           0.
   0.          65.82769237 154.0918954    0.         102.82205686
  83.06987144 152.71930043 112.46326503  76.6896291  158.9479236
 228.20183701  84.47856933 172.08652      0.         129.4847053
 118.58597321 113.05952371 112.91694482  52.37486091   0.
   0.           0.           0.        ]
7,[  0.           0.           0.          10.00804363  10.00546038
  10.00225248  10.0148632   10.00800009  10.00947255  10.01406133
  10.00936024  10.00334963  10.00338146  10.0106445   10.00542273
  10.01582457  10.01727718  10.00016039  10.0071082   10.00499808
  10.01415529   0.           0.           0.           0.
   0.           0.          50.65579737  41.9530107   72.85965248
  94.64450746 128.36777471 145.75089158 135.04590508 161.51337975
 136.85182104 138.21116607 125.79472982  89.77547045  92.57818787
  69.85472258  89.66191412 130.05104228  83.6112213   21.81084512
   0.           0.           0.        ]
8,[  0.          10.03023713  10.02731554  10.00596112  10.00099323
   0.          10.01540338  10.00826731  10.00683387  10.00079352
  10.01841859  10.00637702  10.12070039  10.00726745  10.01007482
  10.00236731  10.01514617  10.0162933   10.00107092  10.00490478
   0.           0.           0.           0.           0.
  39.69428413  50.20640907  41.37174422 146.42773408   0.
  72.44651079 139.92647134 128.0166196   96.88805614 161.33323811
 187.63243763  77.82977019 101.37992642  93.12167147  88.94558332
  97.32689083 157.60375309 125.27370557  74.92955254   0.
   0.           0.           0.        ]
9,[  0.           0.           0.          10.12024792   0.
  10.0654013   10.01383924  10.01448475  10.02280501  10.03170727
  10.01889406  10.01043349  10.01300485  10.01002775  10.05363018
  10.06528928  10.04443278   0.          10.07990443  10.00690115
  10.08736002   0.           0.           0.           0.
   0.           0.         135.48362682   0.          72.13955836
 129.90639069  97.334671   144.66460757 184.00053702 190.59859225
 157.32510798 170.58443828 141.23244073  71.07725412  94.38912732
  74.18622112   0.         162.46836298  61.68376688  40.39601758
   0.           0.           0.        ]
10,[  0.           0.          10.00446732  10.00129033  10.00044151
   0.          10.00154514  10.00097882  10.00094814  10.00221677
  10.00374123  10.00023078  10.00253138  10.00068046  10.00097082
  10.00034293   0.          10.00084977  10.00033086   0.
  10.00025794   0.           0.           0.           0.
   0.          74.86177106  52.36579799  39.96925871   0.
 209.29832009  74.49334607 190.30379687 150.22485089 157.05944169
 142.79667367 122.00615489 119.24774899  97.38343464  79.10603251
   0.         150.14636309 175.6398526    0.          51.35558624
   0.           0.           0.        ]
11,[  0.           0.           0.          10.00301857  10.00028753
  10.00667601  10.00505404  10.00882586  10.02088153  10.01236957
  10.00334285  10.00777183  10.01056804  10.00439661  10.00274698
  10.00144764  10.00337955  10.0059381   10.01296664  10.00473882
   0.           0.           0.           0.           0.
   0.           0.          55.47463738  48.54553494  85.53100136
  88.12532413 132.53435992 143.15174386 134.38738581 150.94272797
 133.11559456 126.02651162 117.67795957 202.23275867  80.87772959
  43.56918827  81.81418713 141.25299836  72.93359145   0.
   0.           0.           0.        ]
12,[  0.           0.           0.          10.26398809   0.
  10.19577303  10.89132458  10.03825494  10.60517278  11.02210503
  10.84942607  10.00831661  10.79917807  10.00854066  10.00071396
  10.06985002  12.02163138  10.9714708   11.11133412  10.00652401
   0.           0.           0.           0.           0.
   0.           0.         103.59764894   0.          71.59885031
 136.39717542 159.36738042 127.49938384 140.98980789 172.80258092
 144.21323877  96.7184341  121.92865178 181.82493072  44.39902234
  80.90618351  84.93839002 112.55138764  84.63142024   0.
   0.           0.           0.        ]
13,[  0.           0.          10.00238247  10.00134283  10.0039275
  10.00537105  10.00236391  10.00517207  10.00040043  10.00453177
  10.00341606  10.00156361  10.00149113  10.00029294  10.0022151
  10.00470285   0.          10.00153046  10.00229744  10.00060193
   0.           0.           0.           0.           0.
   0.          21.6727721   67.61719227  85.16117803  25.49277723
 101.15096281 136.97613095 145.96382287 142.78290473 153.89352825
 145.79873343  97.18641129 206.85776488  81.87603102  84.04617524
   0.         131.49837146 148.93941973  74.42434751   0.
   0.           0.           0.        ]
14,[  0.           0.          10.00045841  10.00193672  10.00081421
  10.00007093  10.00046031  10.00098528  10.0001832   10.00050067
  10.00384105  10.00088623  10.00023735  10.00034527  10.00043071
  10.00012135  10.00005976  10.0007837   10.00088532  10.0004853
  10.0013162    0.           0.           0.           0.
   0.          23.44877112  83.01257437 115.04066971  82.42356517
 105.64575902  69.18867082 154.52546041 171.01529947 150.7925409
 136.3226636  161.28077519 120.34363026  57.20591697  53.639634
  72.04562117 119.04084039  45.70230691  74.17921107  39.44615871
   0.           0.           0.        ]
15,[  0.           0.          10.02043684  10.01645932  10.01534238
   0.          10.01238242  10.01168968  10.00615642  10.00494479
  10.03878781  10.00318371  10.00068831  10.00108216   0.
  10.01025976  10.00784096   0.          10.01035199  10.00395883
   0.           0.           0.           0.           0.
   0.          40.7162205   94.45953845  64.61875076   0.
 154.78411184 126.29949548 144.19224653 167.61766236 144.07697459
 181.2626541  130.23981705 130.14446966   0.         171.31782791
  77.27834479   0.         141.55377643 130.07831934   0.
   0.           0.           0.        ]
16,[  0.           0.           0.          10.01387939  10.00374675
  10.0164658   10.00738147  10.0157144   10.0027795   10.01618301
  10.01300861  10.02944478  10.01167865  10.01082286  10.01216051
  10.0169851    0.          10.00286509  10.00387105  10.0009819
  10.00108433   0.           0.           0.           0.
   0.           0.          49.04700929  46.43865821  69.39764041
 168.44707964 125.35980564 132.50816003 127.25139329 230.26333745
 170.01221603 132.48280845 128.8051241   81.57745578  78.76598083
   0.          94.98196315 130.13912794  53.7183067   24.58929812
   0.           0.           0.        ]
17,[  0.           0.           0.          10.00444421  10.00143951
  10.00390315  10.0024883   10.00649301  10.00327032  10.0219017
  10.01454062  10.00002073  10.00634301  10.01069576  10.00696794
  10.00920477   0.          10.00859431  10.00725727   0.
  10.00533373   0.           0.           0.           0.
   0.           0.         126.28236705  64.46904282  88.59370515
  63.79848713 125.58754859 143.93816959 153.03964266 155.06047023
 184.09205155 126.70111466 130.42345548  89.94967962 127.01180071
   0.         106.06431156 144.46762065   0.          37.07403309
   0.           0.           0.        ]
18,[  0.           0.          10.00676781   0.          10.0012143
  10.00768273  10.00370144  10.01164729  10.00403357  10.00258001
  10.00810519  10.0137895   10.00781276  10.00010584  14.73532118
  10.00870235   0.          10.00901351  10.01518418  10.00276068
   0.           0.           0.           0.           0.
   0.          63.64728619   0.          31.23202642 163.59991404
  78.46791324 119.63350608 171.91445339 138.6335751  215.16635063
 155.11934322 130.53237866 133.61364191  85.21702371  57.02202097
   0.          88.62727504 168.78032929  73.02530792   0.
   0.           0.           0.        ]
19,[  0.           0.          10.00050154  10.01499721  10.00572707
  10.01548862  10.00810905  10.00585484  10.00480403  10.00424032
  10.00273349  10.00478831  10.00228205  10.00526326  10.00166779
  10.02436177   0.          10.00304544  10.00765946  10.01269752
   0.           0.           0.           0.           0.
   0.          39.11629572  50.8453278   41.86748821  61.75127035
 102.91299757 107.3184845  152.41049638 132.0363905  151.28624762
 155.09579893 140.94396302 224.68738073  85.11708587  84.19143874
   0.          64.32419441 151.87009205 100.36352497   0.
   0.           0.           0.        ]
20,[  0.           0.          10.00145144  10.001956    10.00418085
  10.0197571   10.01061213  10.02182322  10.01279235  10.00505517
  10.01540676  10.00072441  10.00012517  10.0031948   10.00829141
  10.0048946   10.00164032  10.00116927  10.00860463   0.
  10.00563726   0.           0.           0.           0.
   0.          30.14993408  25.27061308  45.97458302  96.58640273
 101.09406381 140.75119327 111.09818923 192.91117465 156.2861831
 140.75820143 110.89621578 120.10740802 136.00143304 101.8912512
  54.75918018  81.6946179  142.51226314   0.          46.89215134
   0.           0.           0.        ]
21,[  0.           0.          10.00468748  10.00687913   0.
  10.00493293  10.00895332  10.00139562  10.00614401  10.00492847
  10.00479687  10.0044693   10.00658972  10.00803318  10.00363402
  10.00015246  10.00016915  10.00143964  10.00651717  10.00456837
  10.0000433    0.           0.           0.           0.
   0.          34.4331878   87.59957393   0.          94.01517928
 133.85070632 141.53925531 152.04889978  85.96782848 155.70194788
 177.52790424  99.8469659  126.44213867  84.74262776  85.23385601
  69.97980056  87.71620381  92.23464411  97.07536605  28.860601
   0.           0.           0.        ]
22,[  0.           0.          10.00819543  10.00631547  10.00269773
  10.01083585  10.04108579  10.00528672  10.00307674  10.00244179
  10.00235721  10.0014756   10.00003253  10.00622464  10.00293659
  10.00086715  10.0023048   10.0072195   10.00555701  10.00060511
   0.           0.           0.           0.           0.
   0.          22.36854205 143.83255987  20.45534423  46.97446155
 109.86256251 158.38531563 137.8591757  131.21863905 156.97552626
 151.25737611 133.79075206 111.62874792  45.34625757  87.03497103
  62.07847927 192.70137372  64.85332018  70.20995127   0.
   0.           0.           0.        ]
23,[  0.           0.          10.00684118  10.00100895  10.01004032
  10.00764703  10.01252357  10.00373265  10.00144639  10.00338087
  10.01820412  10.00424926  10.00051069  10.00434098  10.01445547
  10.00596683  10.00934076  10.00533799  10.00383648   0.
  10.00391676   0.           0.           0.           0.
   0.          55.70414933  45.62752135  58.18742998  61.05364712
  62.97815032 146.90344278 144.03391182 139.07141748 183.83655449
 153.12142864 127.44087655 130.96758442  85.24417612  83.59975908
  74.10912133  88.96176172 136.06586844   0.          45.06357831
   0.           0.           0.        ]
24,[  0.           0.           0.          10.0017541   10.00304314
  10.01147223  10.0150918   10.00474349  10.00333871  10.00426989
  10.00182897  10.00320877  10.00540072  10.00678221  10.02965458
  10.00114519   0.          10.00637249  10.00920086  10.01886659
  10.01053992   0.           0.           0.           0.
   0.           0.          89.42393968  91.10701258  71.09859666
 106.4188419  205.08662514  99.87031737  95.85241448 126.72164478
 166.15314772 127.95183598 122.17191308  72.78370595 140.65070646
   0.         153.33412322  87.29736465  75.1484442   35.84054744
   0.           0.           0.        ]
25,[  0.          10.69811446  10.06432714  10.01031237   0.
  10.02402564  10.01115181  10.17834614  10.85392481  10.00125703
  10.0208516   11.12575036  10.28222569  10.17287081  12.47331063
   0.          10.7529925   10.01100789  10.00409625   0.
  10.011431     0.           0.           0.           0.
  12.65412598   7.23815307  62.60362274   0.          70.5089554
 139.74274127 129.56191672 201.83262127 113.41178627 243.16451568
 128.28059629  94.91688244 120.24725873 185.62254746   0.
  64.03629602  95.1909883  147.71894948   0.          51.05654938
   0.           0.           0.        ]
26,[  0.           0.           0.          10.00814712   0.
  10.00839961  10.02182202  10.0117486   10.0030851   10.00416671
  10.00859822  10.00728376  10.00116721  10.01761494  10.00624011
  10.00017603  10.00015517  10.00230994  10.01300547  10.07790391
  10.002698     0.           0.           0.           0.
   0.           0.         109.32558386   0.          84.53037104
  99.85424532 112.55148084 204.64656187  96.60869173 170.46795957
 159.99790864  89.21119574 222.5393338   83.9016313   82.68540504
  57.89710209  52.57397185 114.157399    73.29920357  45.0133594
   0.           0.           0.        ]
27,[  0.           0.          10.00443245  10.00893381  10.00451922
  10.01296888  10.01526939  10.01104937  10.00523789  10.00858648
  10.00432931  10.00345293  10.01125536  10.00812303  10.00071817
  10.00594247  10.00270173  10.01578855  10.00089762  10.00041452
   0.           0.           0.           0.           0.
   0.          39.61540526 144.39945523  54.8211941   67.643468
  96.17324994 129.60429844  97.91625423 104.40915907 144.8124903
 135.8815717  134.13000724  98.74981617  87.82380459  77.88319661
  75.30132949  90.6689645  137.53126094 115.46960362   0.
   0.           0.           0.        ]
28,[  0.           0.          10.00710672  10.0011991    0.
  10.09237996  10.00133573  10.00517678  10.06746702  10.23956079
  10.00118164  10.02125545  10.16648222  10.00803751  10.00571294
  10.00235255  10.02464239  10.013053    10.01516168  10.00050819
  10.00654968   0.           0.           0.           0.
   0.          47.06023847  46.38338913   0.          85.39880031
  99.8669173  127.23778117 196.19831329 129.34380887 140.8979235
 150.4221354  129.02715642 122.54276733  84.69252603  85.34421735
  72.88049632  85.74084081 126.86141232  73.18656241  15.54888535
   0.           0.           0.        ]
29,[  0.           0.          10.00274292  10.00262893   0.
  10.00118732  10.00486034  10.00820903  10.01411597  10.01381429
  10.00767551  10.00477446  10.01091592  10.00587806  10.00626573
  10.00173036  10.00582376  10.01574322  10.00001051  10.00892012
   0.           0.           0.           0.           0.
   0.          42.85888102  54.36319484   0.          68.30160091
  99.61506425 126.27260442 141.12545054 146.09521812 155.32351049
 153.44488425 129.56296112 127.69119617  84.393758    92.13912596
 168.71538345  88.2069094   91.69961707  68.46921105   0.
   0.           0.           0.        ]
0,[  0.           0.          10.07918103  10.03894391  10.01524176
  10.04328689  10.02809706  10.01286392  10.0139846   10.0643676
  10.01360895  10.44267406  10.03549933  10.03120871  10.00417167
   0.          10.01762973  10.00736102  10.00910234  10.06448434
  10.07802432   0.           0.           0.           0.
   0.          32.57661065  11.59727177  68.81500928 136.04525226
 109.69530411 107.24898471 129.34319508 142.26209496 149.89073037
 225.02344498 151.01111765 111.41859069  90.80527004   0.
  86.03413284 186.81685637  98.99192103  32.54218656   8.67453315
   0.           0.           0.        ]
1,[  0.           0.          10.0013033    0.          10.00072353
  10.00239944  10.00351177  10.00123076  10.00243146  10.00956352
  10.0002454   10.00004537  10.00095905  10.0008655   10.00513861
   0.          10.00055765  10.0014758   10.00455731  10.00220097
  10.00515544   0.           0.           0.           0.
   0.          69.8428175    0.          47.09382005  48.27597334
 158.32216274 129.2911932  127.10184416 136.00251578 152.57095689
 144.28762015 125.01834914 202.33522766  92.12627648   0.
  69.60664501  87.88722575 151.06013642  74.94627011  34.37133702
   0.           0.           0.        ]
2,[  0.           0.           0.          10.00033256  10.0027264
  10.00960024  10.00205091  10.02176916  10.01105286  10.0044639
  10.00169306  10.00144163  10.00821296  10.03293609  10.01754906
  10.00206962  10.00127656  10.01294435  10.00869171  10.00737584
   0.           0.           0.           0.           0.
   0.           0.         105.72208235   8.46342963 165.53136425
  71.12932672 106.43814864 171.50734189 136.81471758 148.57431656
 134.12193096 117.40748639 127.50646959  79.06170392  82.0532722
  67.90466468  73.84575625 134.01781048 123.54859709   0.
   0.           0.           0.        ]
3,[  0.          10.22767188   0.          11.21494043  10.0161933
  10.20491392  10.43384066  10.02484251  10.07060855  10.02513866
  10.56084242  10.25205227  10.41134929  10.83065778  10.46585624
  10.551296     0.          10.1217562   10.21270364  10.03981309
   0.           0.           0.           0.           0.
   7.87231503   0.          47.9128096   33.27376662 120.91392418
  76.47494796 195.41605523 204.75162831 131.34251978  86.34209528
 152.47069855 227.45834318  80.11992153 147.86251155  53.59483182
   0.          87.47930776 132.77863794  99.32661455   0.
   0.           0.           0.        ]
4,[  0.           0.          10.00132089  10.0048543   10.00280568
  10.00114781  10.00675721  10.00399483  10.00617316  10.00675471
  10.00657054  10.00822653  10.01102837  10.00129375  10.00446787
  10.00104963  10.00988679  10.00087175  10.01401788  10.00045704
   0.           0.           0.           0.           0.
   0.          48.25558217  32.31331867  54.97649056  95.40295951
  93.62451874 138.49052448 140.28997365 134.98550281 145.48946633
 150.98068811 125.50525957 125.77272385  74.50436453  82.95154224
  79.59079332  88.96188088 127.66999702  74.84033286   0.
   0.           0.           0.        ]
5,[  0.           0.           0.          10.00080593  10.00159156
  10.00224947  10.0017345   10.00125513  10.00278992  10.11858102
  10.00088231  10.00027176  10.00318068  10.00406452  10.00037342
  10.0026015   10.00304117  10.00098149  10.00082551  10.00020293
   0.           0.           0.           0.           0.
   0.           0.         131.1319249   15.17007396  57.6120132
  88.41183818 222.89466093 130.46170572  94.10100989 145.61750032
 175.42821128 126.6932365  124.80108112  42.36891262  82.13775934
  77.92295673 153.33090655 155.18311771  41.02989672   0.
   0.           0.           0.        ]
6,[  0.          10.00544509   0.          10.00175839  10.00149219
  10.01168646  10.00471491  10.00317652  10.00274224  10.00220514
  10.01223201  10.00057574  10.00815072  10.00267679  10.00774249
  10.00317159  10.01026828  10.01688827  10.01569226  10.01078185
  10.00368877   0.           0.           0.           0.
  -0.54122718   0.          40.17719613  45.70269276 146.66889538
  64.28629737 135.58522753 145.48324622 140.13169492 205.89652001
 127.61147322 108.40621335 121.04435748  81.19606326  93.68774284
  61.67048388  87.08797917 127.62690938  62.91321163  24.47758308
   0.           0.           0.        ]
7,[  0.           0.          10.00380991  10.00367675  10.00738868
  10.00244425  10.00483812  10.00843945  10.00046081  10.00030181
  10.00735213  10.00871684  10.00820127  10.00410263  10.00371539
  10.01836137  10.00053812  10.00260649  10.0208746   10.01855308
  10.00073905   0.           0.           0.           0.
   0.          41.90072014  15.05790018  88.19493358  54.30268605
 105.22022641 127.87989568 175.33327359 139.34478162 147.26802886
 152.00586739 134.75429502  87.3087299  126.63571174  73.5726933
  51.32167418 130.01193334  50.92397841 104.68197775  27.2180049
   0.           0.           0.        ]
8,[  0.          10.00611523  10.00185424   0.          10.00433883
  10.00166401  10.00256371  10.00179334  10.00738215  10.00089691
  10.00376336  10.00059471  10.00578321  10.0047981   10.00316264
  10.00645721  10.00486893  10.00208771  10.00362522  10.00069125
   0.           0.           0.           0.           0.
  11.30352152  20.38004818   0.          48.09178468  68.53665608
 139.5626542  109.39714348 140.02842122 169.00721345 149.35693469
 217.66658545 131.58090087 129.18568364  79.49720291  56.7246141
  59.15773469  80.53739166 131.61550454  90.41998098   0.
   0.           0.           0.        ]
9,[  0.           0.           0.          10.00184856  10.00010801
  10.00567282  10.00105666  10.0007286   10.00310753  10.00274692
  10.00043977  10.00284735  10.00224566  10.00013293  10.00154339
  10.00197665  10.00098457  10.00270604  10.0021719   10.00100716
  10.00368875   0.           0.           0.           0.
   0.           0.          44.3138051   52.03224895  68.58014164
  95.60635551 235.68879022 174.35614419  88.44893352 151.22066543
 173.72962972 129.27714332 121.82616601  74.53650173  85.40526958
  67.57212122  43.14883434 121.06721668  57.81698728  47.61366757
   0.           0.           0.        ]
10,[  0.           0.          10.00339807  13.15769716   0.
  10.00793126  10.01673761  11.1737549   10.00564966  10.18094109
  10.09006214  10.00403049  10.18940141  10.02865196  10.05397233
  10.0285153   12.25718132  10.02055974  11.23722708   0.
   0.           0.           0.           0.           0.
   0.          36.30001316  88.48068332   0.         119.25580098
 124.03793796 193.85704413 148.30389187 115.48457465 153.01053995
 142.97622512 126.79182763  64.13414555 127.4483038   80.7095075
  65.81675004 114.82549007 170.00747891   0.           0.
   0.           0.           0.        ]
11,[  0.           0.           0.          10.00263373  10.00078823
  10.00198119  10.00121533  10.00061506  10.00203897  10.00020705
  10.00142531  10.0018975   10.00097431  10.00473463  10.00082934
  10.00027812  10.00189407  10.00087557  10.00329591   0.
  10.00091983   0.           0.           0.           0.
   0.           0.         131.0381923   23.23610483 164.71249596
 125.31981711 164.18506125 141.59682679  53.71493242 180.51336895
 157.92559756 128.41834292  78.38203156  81.28013522  97.79443151
  85.10360796  75.94253106 126.48742651   0.          51.16845606
   0.           0.           0.        ]
12,[  10.00177927    0.           10.00010613   10.00307554   10.00039277
   10.00172412   10.00373957   10.00536374   10.00158907   10.0045023
   10.00813719   10.00380324   10.0014632    10.00252447   10.00322042
   10.00196789   10.00007881   10.00799061   10.00105609    0.
   10.00813984    0.            0.            0.         -113.87857565
    0.           19.41976696  136.8216533    38.50541735   66.40996488
  100.13715081  127.35031269  125.8078624   226.02730878  129.0224849
  104.68551709  133.64330711  159.62720577  119.61230022   70.80404611
   36.00057092  103.61533132  109.89400413    0.           42.25521433
    0.            0.            0.        ]
13,[  0.           0.          10.00671303  10.0068583   10.00759532
  10.00522382  10.00265137  10.00404372  10.00293131  10.01001304
  10.00388494  10.00633195  10.00140875  10.00133611  10.00115576
  10.01138636  10.00588633  10.01122051  10.00334071  10.00037393
  10.00337653   0.           0.           0.           0.
   0.          22.10772436  52.37848711  47.77865676  69.45585222
  96.11216728 129.34776281 139.41585934 138.34270738 151.01025284
 152.99441778 125.51047874 103.88197664  86.61035487  79.30132279
  70.90147092  70.03516814 141.26451532  65.09684444  51.01810177
   0.           0.           0.        ]
14,[  0.           0.          10.02266824  10.00089163  10.00101505
  10.01216829  10.00687056  10.01027905  10.00732475  10.0138104
  10.00393489  10.00103476  10.00254873  10.00144523   0.
  10.00713126  10.00684483   0.          10.00049391  10.0123164
  10.00964693   0.           0.           0.           0.
   0.          25.55212151  90.00502858  29.77160346  53.03566535
  73.93982443 128.87720286 196.54021815 170.37970118 147.07365945
 150.68802993 172.98361947 123.68878672   0.         162.80338285
  73.55858391   0.         134.33521316  76.83395192  48.58978446
   0.           0.           0.        ]
15,[  0.           0.          10.00166178  10.00442081  10.00236558
  10.01089966  10.0068137   10.00946863  10.006227    10.0048272
  10.00153159  10.00286461  10.00112949  10.00121375  10.00047952
  10.00044383  10.00011441   0.          10.00467698  10.0045401
   0.           0.           0.           0.           0.
   0.           0.          42.35625198  96.13191526 140.95194316
  77.64887396 119.48398058 133.37886079 219.47392267 182.2137954
 141.37632214 118.00076088 125.36832346  75.04918221  84.10581578
 103.14754333   0.         134.75104126  75.98683718   0.
   0.           0.           0.        ]
16,[  0.           0.           0.          10.02772385  10.05377579
  10.06352451  10.05653109  10.00285919  10.43865188  10.75663373
  10.03586953  10.04620142  10.21499411  10.13177297  10.05962586
  10.0133157   10.00264556  10.04503715  10.02785668  10.00122707
  10.01068229   0.           0.           0.           0.
   0.           0.         123.91393889  79.27365302  45.48383094
 143.91612499  83.3208213  197.42036545 125.26779155 129.43171394
 157.59323707 149.26512966  99.52100395 112.38543705 108.11401861
  62.19817746  65.63240009 123.78266772  46.9092449    0.
   0.           0.           0.        ]
17,[  0.           0.           0.          10.00760098  10.00351667
  10.00115589  10.00057633  10.00525538  10.00127276  10.00262717
  10.00610496  10.00556925  10.00281252  10.00703823  10.00069426
  10.00381459  10.00274075  10.00518088  10.00364677  10.00407854
  10.00218171   0.           0.           0.           0.
   0.           0.          44.83206716  49.65899493  71.29485628
 135.52224798 174.97013576 171.78655802 135.43353804 150.36326776
  80.83113014 124.34565662 125.82032196  85.34043593  81.52384898
  46.52043167  85.65619507 134.55560455  72.42917911  51.93445914
   0.           0.           0.        ]
18,[  0.           0.           0.          10.01468586  10.0104185
  10.01240402  10.0083963   10.00203593  10.00209553  10.01386204
  10.00732442  10.00129074  10.00056819  10.0093935   10.01114215
  10.01018643   0.          10.00811983  10.00057783  10.00068596
  10.00955906   0.           0.           0.           0.
   0.           0.          56.59081701  47.81739168  87.28562809
  74.77369824 190.02502483 133.23272195 175.46234938 149.12142706
 146.44400525 121.5768508  126.79578899  95.32857099  86.41930354
   0.          98.12383695 133.03041149  68.65837268  46.17940415
   0.           0.           0.        ]
19,[  0.           0.           0.          10.00708052  10.01461335
  10.00521097  10.01542555  10.01862009  10.00152657  10.03282671
  10.00535358  10.01398135  10.01879013  10.00921569  10.00883239
  10.00996466   0.          10.00585033  10.01687783  10.02264096
   0.           0.           0.           0.           0.
   0.           0.          66.3002136   47.33351209  68.93111514
 104.07480812 137.74836224 154.93237207 183.40933403 153.77875977
 148.87166684 166.8416701  105.10040644  69.49030229 135.36796959
   0.          90.15467442 159.56975233  78.13267912   0.
   0.           0.           0.        ]
20,[  0.          10.01363655  10.25428707   0.          10.01157576
  10.10418512  10.00005687  10.00319977  10.00203889  10.00797005
  10.02657453  10.0097855   10.0039082   10.03928644  10.00823917
  10.01062134   0.          10.00577465  10.00010767  10.03085516
  10.00175217   0.           0.           0.           0.
  49.79945168  62.59018619   0.          57.93560478  68.82678473
  95.85869912 136.35539469 140.19480873 135.09876051 102.48379285
 149.25138129 126.89463894 131.28711832  85.356528   139.26604583
   0.          88.54729688 133.22619602  76.6262328   51.00213163
   0.           0.           0.        ]
21,[  0.           0.          10.01284471  10.00255395  10.01203451
  10.00074052  10.00146586  10.00460637  10.00302775  10.00662788
  10.00040214  10.00197094  10.00708497  10.00823199  10.01749264
  10.00136638  10.0009254   10.00207888  10.00817387   0.
  10.00516361   0.           0.           0.           0.
   0.          20.42630933  48.14613704  45.00327266  60.6710123
  99.15702083 127.32168525 165.59226648 184.81324062 142.13324275
 129.97334762 163.75034152 103.31501693  85.05967579 112.35814348
  87.78349562 113.10551079 114.50835427   0.          30.52791083
   0.           0.           0.        ]
22,[  0.           0.          10.00103715  10.01382727  10.0071011
  10.00354137  10.01388967  10.00282624  10.00209632  10.00263657
  10.00457809  10.00233526  10.00322327  10.00492084  10.00167473
  10.0016078   10.00212871  10.01333797  10.01107209  10.00386332
   0.           0.           0.           0.           0.
   0.          29.12938682  66.09513285  48.30524947  68.21492802
 100.15776097 120.75206717 152.79257683 153.80617163 158.48125938
 151.00998082  98.19402484 125.23541501  83.95624329  84.83922014
  65.14317286  84.85787048 146.76982483  76.60569451   0.
   0.           0.           0.        ]
23,[  0.           0.          10.00068232  10.00240207  10.00201596
  10.00189463  10.00096219  10.00299302  10.00160165  10.00204706
  10.00100561  10.00644241  10.00261995  10.00061215  10.00367697
  10.00473574  10.00080079  10.00145516  10.00256201   0.
  10.00668075   0.           0.           0.           0.
   0.          25.97787608  50.15221699  29.28259759  69.99351584
  95.41911358 123.69801228 156.82149452 124.17877451 167.31959766
 126.33572563 144.74872226 109.90595617  84.38238882 101.83989306
  69.27481906  78.38046574 219.88937268   0.          51.37192942
   0.           0.           0.        ]
24,[  0.           0.          10.00010189   0.          10.0048575
   0.          10.00183725  10.00180931  10.00383904  10.00173814
  10.00060255  10.00245211  10.00224383  10.00300663  10.00185404
  10.00441295  10.00218686  10.0010645   10.00311268  10.00048903
   0.           0.           0.           0.           0.
   0.         122.1792423    0.         123.46469339   0.
 102.69716464 144.42890702 142.12065293 132.62513431 150.01056269
 150.06375049 135.08706083 126.30348865  52.73502156  84.48356074
  98.69030195  89.44852105 134.23978985  76.057468     0.
   0.           0.           0.        ]
25,[  0.           0.           0.          10.00672194  10.00196157
   0.          10.00041957  10.00751859  10.00039569  10.00176814
  10.00257531  10.00183741  10.00033672  10.00232884  10.00196398
  10.00463602  10.00140767  10.0015098   10.0043708   10.00384809
  10.00284866   0.           0.           0.           0.
   0.           0.         109.73679841 106.32974455   0.
  92.55319367 130.38177868 140.81540085 134.16577407 162.73195071
 153.99313651 129.51508928 124.93468401  62.35884806 100.60664537
  58.25720619  88.16946466 140.38624521  52.60272635  51.38246079
   0.           0.           0.        ]
26,[  0.           0.          10.00201731  10.00041985  10.00573863
  10.00320457  10.01180808  10.00086569  10.00353007  10.00538517
  10.01268698  10.00343892  10.00303385  10.00139739  10.0125358
  10.00476984  10.69582728  10.00198869  10.00589098   0.
  10.00411961   0.           0.           0.           0.
   0.          25.06329218  49.68449238  46.65646101 141.77491823
  95.68634026 132.96615502 148.43142604 132.79322792 148.07140307
 154.32794487 114.32911709 134.40191493  84.17634185  89.15239488
  69.33601578  74.47065213 128.24129053   0.          48.58787178
   0.           0.           0.        ]
27,[  0.           0.          10.01686863  10.0836776    0.
  10.02864495  10.12249684  10.04882982  10.01146161  10.02411121
  10.02386077  10.19769319  10.07469195  10.02937412  10.03500477
  10.0515462   10.05317012  10.09065086  10.01364296   0.
  10.03095076   0.           0.           0.           0.
   0.          79.82545289  35.81606296   0.          71.29107372
 139.09493587 138.45139014 113.14722465 123.06163976 184.67884256
 160.19055751 116.90741304 182.14311758  83.30099696 114.57329635
 126.17992118  88.27093339 109.4399169    0.          25.56509185
   0.           0.           0.        ]
28,[  0.           0.          10.03973712  10.12653769  10.14394317
  10.04482148  10.07193798  10.10476587  10.019051    10.02065184
  10.05277328  11.51422781  10.0376748   10.01541005  10.06124241
  10.19977414  10.03585967  10.06857508  10.07267483  10.26906878
   0.           0.           0.           0.           0.
   0.          34.96714315  22.69126158 130.37603293  59.05391702
  60.92523657 167.26467477 180.27093355 174.15644659 139.05580658
 140.32782607 104.45743778 224.57079846  60.17692675  54.39697816
  69.01062163  68.18027782 124.22017379 105.79794386   0.
   0.           0.           0.        ]
29,[  0.           0.           0.          10.00024624  10.00024388
  10.00245924  10.00118304  10.00463575  10.00553416  10.01026963
  10.00262483  10.00432487  10.01578679  10.0067232   10.00485156
  10.00261089  10.00166005  10.0101458   10.0076946    0.
  10.00129213   0.           0.           0.           0.
   0.           0.          57.66308382  51.15185419  91.65238387
  98.48935003 128.59565547 140.72173979 138.43322169 151.14756766
 151.15949996 129.53007569 124.05493493  85.19583969  92.46547098
  79.19030412 119.59301326 142.3863059    0.          45.89348131
   0.           0.           0.        ]
0,[  0.           0.          10.00230751  10.0039401   10.00032708
   0.          10.00002324  10.00203682  10.00100111  10.0029199
  10.00361802  10.00162084  10.00034863  10.00248405  10.00063475
  10.00157949  10.00149333  14.24693649  10.00073128  10.00150805
   0.           0.           0.           0.           0.
   0.          83.10600751  72.88742567  47.56678544   0.
 157.9035282  118.84921338 139.88389013 134.91059634 157.87519437
 127.48070959 129.88444558 199.69098937  41.76612234  83.42140127
  45.46374513 152.45596612 129.09390076  64.83620136   0.
   0.           0.           0.        ]
1,[  0.           0.          10.00043511  10.00430751  10.00685332
  10.00324817  10.00530292  10.00234105  10.00653503  10.00282829
  10.01021148  10.00363762  10.00663742  10.00100564  10.00266714
  10.00726866  10.00364707  10.00230798  10.00408121  10.00458064
  10.00358046   0.           0.           0.           0.
   0.          22.73235621  24.59469269  45.3189154  134.77628577
  95.38662625 123.62030288 144.70282852 123.01985011 148.27899536
 151.09649861 128.72988416 125.60745727  84.75479784  75.45713521
  71.99155458  69.03990325 123.14838089  59.06636482  51.9516647
   0.           0.           0.        ]
2,[  0.           0.          10.00043155  10.00188792  10.00289032
  10.00306238  10.00159094  10.00022538  10.00231667  10.00689652
  10.00125784  10.00302948  10.00085505  10.00197797  10.00780177
  10.00355723  10.00013273  10.00241472  10.00050715   0.
  10.00159424   0.           0.           0.           0.
   0.          19.16326082  53.17767635  64.37693232  66.94396437
  96.55924104  99.37090363 169.83530203 132.52528454 169.76493726
 114.16289339 125.70933765 168.75403546 113.34639481  83.93262143
  46.92187476  74.90412717 184.1919508    0.          51.92468619
   0.           0.           0.        ]
3,[  0.          10.00420349  10.00264541  10.01991131  10.00986986
  10.00183792  10.00430958  10.0033017   10.00167871  10.01089238
  10.00169384  10.00921559  10.00840545  10.01182564  10.00626658
  10.00579765  10.00800232  10.0153526   10.00086719  10.00422724
   0.           0.           0.           0.           0.
   7.34092648  25.2091484   54.78845021  33.70346591  69.27785057
 101.88987874 159.25499896 137.1097205  134.58543356 151.97645543
 149.39815821 114.83692046 122.4045767   83.37837854  85.10719342
  70.23480184  88.02581016 134.59304996  74.55201274   0.
   0.           0.           0.        ]
4,[  0.           0.          10.00302312  10.00242161  10.00165862
  10.00462823  10.00088147  10.00030982  10.01167162  10.00276649
  10.00221142  10.00403521  10.00348038  10.00121268  10.00304975
  10.00085923  10.00176378  10.00354676  10.00005712  10.00066998
   0.           0.           0.           0.           0.
   0.          25.98792788  53.13193071  79.90839807  69.07348257
  93.36555328 129.4446248  139.94328792 134.14670347 149.41829001
 231.95459275  74.06166084 127.75543073  76.24041201  85.13620861
  77.75161773  99.6364746  103.54335788  75.0868814    0.
   0.           0.           0.        ]
5,[  0.           0.          10.00161976  10.00984696  10.00194148
  10.00361921  10.00435011  10.00299436  10.00558413  10.00519026
  10.00586523  10.00620773  10.00513404  10.0074063   10.01148733
  10.01101372  10.01639888  10.00919532  10.01007268  10.00019607
   0.           0.           0.           0.           0.
   0.          61.33409808  45.00597641  19.51470751  68.10498347
  85.5889297  129.96717746 137.55604207 136.98637088 165.9832904
 158.41855253 125.40949587 123.85405199  75.01806628  87.43550569
  54.62706243  85.60090621 122.48319028 141.48659792   0.
   0.           0.           0.        ]
6,[  0.           0.          18.00648081  10.00781381  10.00014001
  10.00023752  10.00346056  10.00123643  10.00187813  10.00220056
  10.00082812  10.00073083  10.00029188  10.00928619  10.00756301
  10.00711108  10.00263369  10.00083998  10.00173572  10.00352367
   0.           0.           0.           0.           0.
   0.          33.64170902  61.33309143  40.7270389   70.7985869
 138.098604   130.61238501 127.34049118 139.91296884 141.06758249
 132.92040071 127.50326275 125.42014473  85.29342887  88.22899365
  71.62692172  93.73411793 153.47225516  53.21135036   0.
   0.           0.           0.        ]
7,[  0.           0.           0.          10.0025626   10.00319704
  10.00002718   0.          10.00295035  10.00099501  10.0070019
  10.01046192  10.00752336  10.00071034  10.0089759   10.0037145
  10.00130892   0.          10.00314119  10.00345408  10.0014105
   0.           0.           0.           0.           0.
   0.           0.          91.71570751  62.49262169 181.01548035
   0.         149.06269822 140.84432171 168.11233525 145.99180696
 141.86662166 161.71009274 161.54026538  97.28845174  83.15913257
   0.          88.38348104 134.66142325  79.64367904   0.
   0.           0.           0.        ]
8,[  0.          10.00325599  10.00414179  10.00233306  10.00246531
  10.00065194  10.00028388  10.00448489  10.00184787  10.00026727
  10.00604614  10.00060423  10.002099    10.00528091  10.00440736
  10.00315931  10.00045429  10.0030455   10.00111184  10.0007119
  10.00098667   0.           0.           0.           0.
   6.80120186  26.81719053  42.24488512  45.67834365  67.85953831
  98.22906318 115.41206921 123.09322016 135.73571752 252.98903376
 153.57233667 129.0903042  128.31240287  35.02694196  85.55243918
  69.67847855  90.71049421 132.40061122  39.88385471  22.26367941
   0.           0.           0.        ]
9,[  0.           0.           0.          10.00454459  10.01604969
  10.00784433  10.01022086  10.01528013  10.01628832  10.00442534
  10.00309039  10.00704148  10.00214413  10.00401461  10.00411552
  10.00550911  10.00086481  10.0038244   10.0028547   10.00327189
  10.00138949   0.           0.           0.           0.
   0.           0.          50.5530481  104.72141592   9.17568627
 142.52556528 130.86518674 145.18947061 132.80568042 149.43064261
 159.12191854 132.66517509 121.67712336  85.25968039 142.1926872
  93.76462731  26.39038308 124.31889485  35.73190454  51.78064625
   0.           0.           0.        ]
10,[  0.           0.          10.0000569   10.00022045  10.00142337
  10.00490858  10.00266443  10.00094995  10.0014419   10.00264929
  10.00031474  10.00160387  10.0024517   10.00029411  10.00787786
  10.0004566   10.00033048  10.00038366  10.00187401  10.00022672
  10.00017874   0.           0.           0.           0.
   0.          47.88393669  41.24218437  95.04295061 116.00189275
 106.82283662  98.24289863 141.50803244  80.6351391  147.82409348
 136.69963738 125.76321733  92.23703331  85.34570059 153.66438905
  27.12073399  88.03226026 133.17303541  59.07664891  51.59136276
   0.           0.           0.        ]
11,[  0.          10.00013858   0.          10.00148737  10.00240642
  10.00097415  10.00268687  10.00056344  10.00362393  10.0002063
  10.00424469  10.00088885  10.00217703  10.00049757  10.0005178
  10.00075318  10.00347826  10.00134167  10.00090793  10.00042959
  10.00336233   0.           0.           0.           0.
  17.86456294   0.          21.15185526  88.30237429  62.76417992
 104.83680628 130.27181931 141.93459023 137.16420338 138.84334843
 185.87643025 148.52830434 125.72781848  71.32923301  85.85637903
  56.17683263  67.98502    133.32153716  60.97205334  33.70609319
   0.           0.           0.        ]
12,[  0.           0.          10.00370824  10.0029137   10.00007528
   0.          10.00243946  10.0023752   10.00019738  10.00036199
  10.00807628  10.00236476  10.00632533  10.00462279  10.00209685
   0.          10.00202027  10.0035095   10.00027537  10.00245552
   0.           0.           0.           0.           0.
   0.          60.37682497  70.95149238  45.69722007   0.
 122.09092108 132.77669789 141.09387873 144.18075345 170.95970478
 152.76186104 170.49848786 125.27770593  96.98442661   0.
  63.68437952 131.97351841 135.80510657  99.89918896   0.
   0.           0.           0.        ]
13,[  0.           0.          10.00853199   0.          10.00011116
  10.00377266  10.01171749  10.01345348  10.00575498  10.00251263
  10.0012589   10.00762007  10.00648569  10.00952664  10.02781551
  10.01808809  10.00013515  10.00695234  10.00494134  10.01525151
  10.00157386   0.           0.           0.           0.
   0.         108.0667025    0.          55.77098019  80.11748517
  97.42084747 128.91750846 220.82934846 162.37054789 138.62824321
 146.54673743 100.74312033 109.41989989  77.53578978  48.71400233
  73.24824289  72.19953386 170.53113476  36.37917595  50.48903149
   0.           0.           0.        ]
14,[  0.           0.          10.00293546  10.00597578  10.00404363
  10.00439162  10.00134058  10.00511733  10.01246862  10.00165994
  10.00112209  10.01089711  10.00138465  10.00978974  10.00251354
  10.01572287  10.00369527  10.00170693  10.00194205  10.00003828
   0.           0.           0.           0.           0.
   0.          37.66082258  52.03636623  39.69282419  95.51773701
  92.81243766 141.86536914 142.23086985 135.06435036 156.80780005
 153.26052038 133.54792913 125.65138841  55.59195477  86.47827107
  79.38643065  87.12234102 122.29570717  77.90500287   0.
   0.           0.           0.        ]
15,[  0.           0.          10.04372202   0.          10.09602916
  10.22948841  10.03335785  10.75684784  10.03217046  10.08501429
  10.18078275  10.00153783  10.1151502   10.1267159   10.16642972
  10.06064375  10.04004309  10.1648424   10.08051977  10.25258721
  10.20094046   0.           0.           0.           0.
   0.          83.93257878   0.          40.44515314  67.53495304
 118.80159765  87.45146072 224.4356461  142.35438345 146.01608764
 168.21203157  91.48931887  96.50328519 159.9452037   85.60355454
  66.71718711  78.31941169  79.16072123  83.06451732  41.43528179
   0.           0.           0.        ]
16,[  0.           0.           0.          10.00061551  10.00209174
  10.00690805  10.00169987  10.00925531  10.00090577  10.00149225
  10.00366876  10.00099487  10.01017951  10.00179462  10.0113957
  10.00297996  10.00404462  10.00012656  10.00167447  10.00028311
   0.           0.           0.           0.           0.
   0.           0.          57.74847833  45.69702964  69.95531665
 101.93694121 121.67933322 142.88301779 140.65190941 151.42954489
 156.55209185 118.4101719  125.29789525  85.87178059 101.58773011
  94.5575565  123.05279602 127.12174753  64.09191811   0.
   0.           0.           0.        ]
17,[  10.00066488   10.00063665   10.00008131   10.00013085   10.00052086
   10.00184743   10.00006914   10.00009678   10.00016614   10.00007353
   10.00148319   10.00052723   10.00418351   10.0000254    10.00110717
   10.00031913   10.00023629   10.00215715   10.00025502   10.00157607
    0.            0.            0.            0.         -113.98029846
   39.03874297   23.68821343   55.94678483   86.29043068   59.62088562
   57.06956451  199.95780524  139.023204    103.91694962  150.24037351
  150.29958728  122.10440863  131.37447954   41.35782036   87.2265556
  109.20596281   87.88820544  135.26987169   47.25746195    0.
    0.            0.            0.        ]
18,[  0.          10.00070608   0.          10.00215303  10.0028092
  10.00520556  10.00108959  10.00233578  10.00201957  10.00286161
  10.00241355  10.00303705  10.0015949   10.0005636   10.00116218
  10.00291172  10.00019297  10.00134143  10.00163282   0.
  10.00010369  10.00637295   0.           0.           0.
   5.34812089   0.          56.11559333  56.00156104  76.56015296
  53.93454357 128.700347   142.08821429 135.40866869 151.64141277
 151.74027142 214.37874382  78.66895362  88.04094205  53.27966604
 145.73348396 142.10534997 131.02987416   0.          35.45124541
 -27.27975207   0.           0.        ]
19,[  0.           0.          10.00022601   0.          10.00097763
  10.00220533  10.00188641  10.00336588  10.00021044  10.0016355
  10.00047382  10.00132464  10.00228838  10.00426412  10.00231184
  10.00036092  10.00079582  10.00060246  10.00093017  10.00477108
   0.           0.           0.           0.           0.
   0.          87.87718301   0.          35.62589753  69.07654519
  96.44302455 129.0208764  149.47092736 141.25162813 197.19194597
 162.22353676 128.76178796 164.18338186  83.72402883  31.23782621
  56.48776013  90.01083232 141.00613733  82.25968065   0.
   0.           0.           0.        ]
20,[  0.           0.          10.01584884  10.00865232  10.00852087
  10.01227629  10.01464707  10.00447459  10.00304626  10.01280725
  10.0030919   10.00305136  10.00105271  10.00941124  10.00838795
   0.          10.00976109  10.01323646  10.01340471  10.01210001
  10.00206637   0.           0.           0.           0.
   0.          17.95138159  86.5259504   47.58348892  72.33877673
  80.57339096 226.21705798 165.61362569 100.91075475 147.16359708
 124.42734695 188.00157742 108.78903385 107.53559199   0.
  66.03126054 107.87963795 118.00880715  58.41886432  51.97978549
   0.           0.           0.        ]
21,[  0.           0.          10.00065414   0.          10.00020575
  10.000714    10.00012599  10.0003934   10.000131    10.00099415
  10.00013918  10.00037869  10.00066404  10.00092025   0.
  10.00004791  10.00027898  10.00046117  10.0003583   10.0006592
  10.00029614   0.           0.           0.           0.
   0.          86.396721     0.          65.40748837 100.17531583
  96.67126363 131.38409022 142.10773714 133.82334081 130.67187885
 201.02977549 176.28401458 107.53120337   0.          79.33883474
  88.88591475  86.89918517 123.09295881  56.13573709  48.13179538
   0.           0.           0.        ]
22,[  0.           0.          10.23643045  10.13000412  10.18150182
  10.02055757  10.08083112  10.22955696  10.09978363  10.01966759
  10.14963852  10.10794187  10.18500469  10.09425572  10.15379756
  11.25834878  10.18182244  10.23717456  11.00736107  10.11177236
   0.           0.           0.           0.           0.
   0.          50.8971122   41.80710637  21.25383644  75.44689695
 124.35253753 138.1065895  148.23740056 135.70623986 119.97693683
 191.75633853 135.0281524  203.80535301  95.68682912  55.43913653
  76.0007853   83.51076893 110.75878644  68.12858953   0.
   0.           0.           0.        ]
23,[  0.           0.          10.00671634  10.01173492  10.00319202
  10.00290937  10.01123296  10.00217462  10.00868774  10.00892181
  10.00470609  10.00320306  10.00089142  10.01528345  10.00951667
  10.00937344  10.00678338  10.00334148  10.00662174  10.00060847
   0.           0.           0.           0.           0.
   0.          21.99858069  58.90629307  37.49714707  57.3863256
 104.3689366   96.20061815 142.98790122 139.60340145 145.84020349
 154.77430132 178.87175929 125.7914328   85.1566397   86.4524897
  80.40875935  90.24725484 132.91186521  77.00903081   0.
   0.           0.           0.        ]
24,[  0.           0.          10.00154995  10.00049487  10.00053495
  10.0000229   10.00318948  10.0019402   10.00170725  10.00114025
  10.00162586  10.00070608  10.00026049  10.00052817  10.00001427
  10.00218969  10.0022453   10.00218292  10.00226948  10.00005026
  10.00012813   0.           0.           0.           0.
   0.          23.12690206  47.77872873  41.8143016   49.99337135
 101.11746924 126.6568983  145.55073837 165.52227708 143.72645793
 149.26626565 106.16766995 122.08120691  74.05564401  90.6207943
  69.20162679  82.00590365 149.13688265  69.14313324  44.22677863
   0.           0.           0.        ]
25,[  0.           0.          10.03325624  10.00160067  10.00586415
  10.00207072  10.00219655  10.00273008  10.00077262  10.00989125
  12.67745248  10.00347616  10.00996728  10.00061534  10.00871041
  10.01531335  10.00741862  10.00239307  10.00589716  10.00385921
   0.           0.           0.           0.           0.
   0.          22.59529774  53.94285807  40.32181379  69.47359126
  97.68848871 165.85937621 147.99177489 144.77603635  96.99399013
 152.18286533 135.02298646 193.11689486  86.12014329 140.31386882
   8.47142271  90.97699641 139.56046724  51.29254143   0.
   0.           0.           0.        ]
26,[  0.          10.00735288   0.          10.01833427   0.
  10.00069611  10.0052945   10.00322874  10.00154358  10.00422398
  10.00145712  10.01591679  10.01035083  10.0020613   10.00768159
  10.01251132  10.00714894  10.00604132  10.01489411  10.01239751
  10.00439765   0.           0.           0.           0.
  10.50201878   0.         132.56649295   0.          68.34896942
 100.17892635 135.74244146 101.39257932 135.4394906  187.47133931
 152.39789931 132.73032406 101.09399265  70.47948927  87.43635522
  65.64264033 122.72923158 110.33025121  68.03639243  49.63373356
   0.           0.           0.        ]
27,[  0.           0.          10.00262424  10.0052286   10.00405459
  10.00601681  10.00518041  10.00567783  10.00664402  10.00527154
  10.00457047  10.00330541  10.00841063  10.00320872  10.01108467
  10.00635383  10.01032571  10.00145678  10.00554786  10.00174192
  10.01366559   0.           0.           0.           0.
   0.          22.87001991  95.36241271  58.56636018  68.40932923
  85.85029    118.46368956 111.70627898 135.96676006 187.61218106
 150.75750948 122.59358296 123.99067306  50.68871714  89.95176587
  56.86179173  72.98861805 134.59520488  82.06792209  40.86570751
   0.           0.           0.        ]
28,[  0.           0.          10.01083942  10.0138386   10.03280683
  10.00882541  10.00496337  10.00731377  10.03346972  10.01068893
  10.02478045  10.01035632  10.01056909  10.02605554  10.00444389
  10.02041505  10.00809753  10.0308435   10.00799963  10.03195224
   0.           0.           0.           0.           0.
   0.          50.06735945  47.4337289   45.99637261  75.37464231
 114.04967273 142.13303675 149.9606196   84.79916767 114.18820394
 157.96742726 136.41333432 142.47977158 110.35157906  64.19629048
  98.70206438  81.08925816 142.05007904  78.22569569   0.
   0.           0.           0.        ]
29,[  0.           0.          10.0040279   10.00178204  10.00085691
  10.00404003  10.00296719  10.00699458  10.00214654  10.00602941
  10.00867123  10.00309751  10.00122765  10.00172037  10.00387854
  10.01189261  10.00292897  10.00906251  10.00658861  10.0008901
   0.           0.           0.           0.           0.
   0.          20.20471959  52.21217345  48.52243104  68.48774754
  95.49344469 128.9989484  139.44571942 137.58125833 149.76672275
 151.976121   128.92057496 131.50221696  85.74783459  89.54634806
  74.39799692  95.66322306 128.84440995  77.46978165   0.
   0.           0.           0.        ]
