0,[  0.           0.           0.          10.18803233  10.22548357
  10.3811867   10.04881124  10.03376933  10.30427112  10.31575677
  10.39513101  10.24138822  10.08098947  10.25708145  11.18101747
  10.35334664  11.23986306  10.90682512  10.24332605  10.08996363
   0.           0.           0.           0.           0.
   0.           0.          55.41903233  34.24644334 106.17320779
  81.31803766 155.02183823 151.51622387 143.19306687 234.91605243
 188.84888412 122.2581815  151.84397621  80.17168755  58.16409493
  92.83090857  81.92124046  74.50797744 115.91547577   0.
   0.           0.           0.        ]
1,[  0.           0.          10.01898259  10.00498008  10.00952533
  10.01054363   0.          10.00515711  10.00020602  10.00323441
  10.00227503  10.00444582  10.00029026  10.00177591  10.0009609
  10.0021056   17.83944064  10.00835538  10.00592476  10.00082945
   0.           0.           0.           0.           0.
   0.          83.15011381   0.          43.88056921 158.89381556
   0.         146.53897272 138.21199879 166.26453316 175.62524437
 164.71335796  87.50474658  99.00198209  84.95559457  79.76312882
  95.66982373  99.91862675 127.99842864 112.92117132   0.
   0.           0.           0.        ]
2,[  0.          10.04134228  10.0082539   10.01393143   0.
  10.00630245  10.01186761  10.01476527  10.03709721  10.03721547
  10.00399286  10.01434721  10.02049185  10.03183932  10.03237384
  10.00874666   0.          10.0173331   10.00280024  10.02847433
  10.02556961   0.           0.           0.           0.
 100.78471379  32.17720249  41.78887019   0.         146.52305062
  60.81286963 132.94711048 143.14489648 104.34404705 135.80428632
 209.86080793 126.33182735 155.74071766  73.91608682 118.92952691
   0.          75.49493425 111.74932436 106.26491283   0.6173454
   0.           0.           0.        ]
3,[  0.           0.          10.06079636  10.00538977  10.00449798
  10.01182399  10.00230529  10.01339298  10.00404278  10.00625795
  10.02514001  10.01617467  10.00609348  10.00413407  10.00380829
  10.00404913   0.          10.01346729  10.01226855  10.00989859
  10.00976755   0.           0.           0.           0.
   0.          11.32926916  62.73183888  70.2763524   65.2786356
 106.13731363  87.22937974 133.22811342 141.48234808 162.09870384
 197.30916759 168.05665002 123.14587198  97.99714413  88.51712695
   0.          94.7162309  104.10850823  74.75347034  42.97448904
   0.           0.           0.        ]
4,[  0.           0.           0.          10.0002695   10.00045939
  10.00117827  10.00587372  10.00401265  10.00377765  10.00219326
  10.00127178  10.02707604  10.00727602  10.00085843   0.
  10.08533053  10.00902106  10.00197841  10.00087751  10.00620376
   0.           0.           0.           0.           0.
   0.           0.          52.28489187 152.44945169  68.09536056
  88.58443757 128.00688323 125.19623257 174.67580942 157.42054191
 126.10048819 203.41747812 126.56240212   0.          98.51383568
  70.13570491  88.63520553 131.39129681  73.21856176   0.
   0.           0.           0.        ]
5,[  0.           0.          10.00785301   0.          10.00571426
  10.01287604  10.00322967  10.00057395  10.0039837   10.02607264
  10.00534612  10.0173799   10.00417942  10.27149331  10.05693102
  10.0260391   10.00626629  10.00527625  10.00153701  10.00746134
   0.           0.           0.           0.           0.
   0.          92.68675637   0.          10.55429355  67.70728472
  91.52172306 143.9119317  140.32086554 135.32555234 164.04349241
 150.99894998 183.20640729 104.82797184 114.05540674  36.36336243
  72.40393143 105.27232931 132.12558753 108.25152947   0.
   0.           0.           0.        ]
6,[  0.           0.          10.00011821  10.00168736  10.00039265
  10.00059324  10.00566572  10.0042927   10.00116617  10.00187758
  10.00482942  10.00209635  10.00264459  10.00216213  10.00122755
  10.00122899  10.00084093  10.00217943  10.00038463  10.00292574
   0.           0.           0.           0.           0.
   0.          41.03284064  76.19774623  44.2474186   78.45603729
 173.29469225  65.21993607 139.55323975 170.89711727 153.78503846
 134.7172645  134.78459023 142.39464247  25.6142973   51.77811678
 109.58169703  84.14089719 138.56793866  80.39156942   0.
   0.           0.           0.        ]
7,[  0.           0.           0.          10.01038426  10.00398306
  10.00294905  10.00118422  10.00328871  10.00174771  10.00282835
  10.00170442  10.00099375  10.00189977  10.00227394  10.00089841
  10.00152031  10.00088357  10.00298295  10.00399085  10.00161113
  10.00037641   0.           0.           0.           0.
   0.           0.          49.42652788  95.39374956 111.92469294
  95.25739734 133.35360415 106.43228107 119.35923577 151.34541189
 159.0600276  128.19208327 122.20196043 116.70637957  56.09086711
  71.54443409  95.62670341 108.27742588  76.08997199  30.85862141
   0.           0.           0.        ]
8,[  0.           0.           0.          10.00765814  10.00172758
  10.01318605  10.00526556  10.00071279  10.00033576  10.00998173
  10.00022385  10.00137597  10.00055897  10.00951839  10.00727794
  10.00566531  10.00654158  10.00152015  10.00085001  10.00131416
  10.00017207   0.           0.           0.           0.
   0.           0.         120.73363695  89.60741335 122.45990728
  60.52813245 129.38232361 129.28823697 109.20158359 130.71260241
 155.45367907 115.96328722 128.04009908  70.74240895  91.76812515
  58.01580947  91.69034218 122.65346264  70.06041552  37.2407982
   0.           0.           0.        ]
9,[  0.           0.          10.00682241  10.00528267  10.00408004
  10.00243552  10.0032002   10.01949588  10.00605963  10.0065401
  10.00068522  10.00439558  10.00324249  10.02037119  10.0029505
  10.00077274  10.00321588   0.          10.00868081  10.00110412
  10.00060585   0.           0.           0.           0.
   0.          77.23942112  14.4833837   35.36541001  80.76799639
  99.96954129 128.71427614 124.81414002 180.09590815 137.79091235
 202.31613147 126.12976303 133.23055535  81.96377779  82.05362525
  71.84802632   0.         142.74634143  82.73444083  33.63740211
   0.           0.           0.        ]
10,[  0.          10.00438126  10.02495178  10.00077778   0.
   0.          10.00142081  10.00753489  10.00448266  10.00823294
  10.00991343  10.00501252  10.03624965  10.01186882  10.00510182
  10.02030018  10.00006202  10.00972295  10.00412253  10.01338328
   0.           0.           0.           0.           0.
  30.65384381  60.17887294  96.13789477   0.           0.
 196.84476312 127.93093982  74.44970606 137.86435048 153.23069168
 133.16458867 148.54437526 104.48795228 111.17987606 105.34957054
 107.28880809  86.93337925 133.60856375  61.03690149   0.
   0.           0.           0.        ]
11,[  0.           0.          10.00431034  10.00324043  10.00282121
  10.00181469  10.00412666  10.00190772  10.00835781  10.00257321
  10.00568229  10.00162028  10.00695815  10.00531941  10.00728233
  10.02101416  10.00579542   0.          10.00465246  10.00512833
   0.           0.           0.           0.           0.
   0.          30.7032696   53.56472752  36.49187351  70.19938647
 100.84071541 134.02647733 195.7586483  218.97920506 150.51056197
 112.79000954 131.76109006 103.05318014  85.2006326  113.73464146
  65.36103698   0.         147.45807128 103.19023841   0.
   0.           0.           0.        ]
12,[  0.           0.           0.          10.0201929   10.00554697
  10.00543183  10.00186246  10.00289197  10.00567908  10.00416217
  10.00887496  10.01456604  10.00137072  10.00987278  10.00485901
  10.00117502  10.00149447  10.00585027  10.00313076  10.01068739
   0.           0.           0.           0.           0.
   0.           0.          55.57584443  90.78706893  63.42886389
  95.13830581 197.76768254 174.92255269  70.42484181 141.75177359
 174.48200889 129.56380418 127.96743888  94.61489306  63.55677839
  71.99191623  90.73925294 139.23724789  81.0805049    0.
   0.           0.           0.        ]
13,[  0.           0.          10.00010742  10.00118252  10.0018792
  10.00026592  10.0013693   10.0013674   10.00217742  10.00069229
  10.00050442  10.00108905  10.00038088  10.000975    10.00139614
  10.0012814    0.          10.00132764  10.00101249  10.00066338
  10.00045709   0.           0.           0.           0.
   0.          -0.32767082  52.74330318  80.33130008  83.26000116
  90.98406082 190.78536653 125.20209472 130.30850023 205.09665377
 165.1314999  127.53328477  87.37467632  66.32618507  86.72672612
   0.          98.84884244 132.44756033  60.86920279  51.48655596
   0.           0.           0.        ]
14,[  0.           0.          10.00514656  10.0030268   10.00461197
  10.0019075   10.00396588  10.0028752   10.0026336   10.00189171
  10.00067493  10.00236498  10.00275481  10.00197474  10.01188278
  10.00154283  10.00342585  10.00298959  10.0052409   10.00041282
  10.00778839   0.           0.           0.           0.
   0.          -2.33764015  56.54000227  48.21546089  62.9486814
  81.45260575 126.41303177 141.07724484 156.3719284  156.71982679
 215.55488286  98.66842851  81.76677722  89.86511219  81.85313394
  69.39824318 120.59089195 133.03574107  61.18677129  35.29985029
   0.           0.           0.        ]
15,[  0.           0.           0.          10.00070434  10.00057363
  10.00642487  10.00243908  10.0089128   10.00030804  10.0024147
  10.00343881  10.00309737  10.00135916  10.00285258  10.00886216
  10.00292316  10.0054162   10.00008226  10.00643276  10.00058216
  10.00067694   0.           0.           0.           0.
   0.           0.          48.93159901  87.89607581  41.71309336
 106.00448943 191.62531239 132.65751771 140.92522132 150.72024178
 156.13242918 136.2966177  130.65578063  71.89972343  70.17609216
  63.45567489  36.03315211 150.59978651  70.62209503  42.09477815
   0.           0.           0.        ]
16,[  0.           0.          10.00296012  10.00534946  10.00149186
  10.00628507  10.0054967   10.0036291   10.00086467  10.0059176
  10.00833365  10.00371185  10.00300534  10.00552454  10.00340013
  10.00433167  10.00302869   0.          10.0002152   10.0072595
  10.0096068    0.           0.           0.           0.
   0.          46.59741005  37.58986518  53.7552719   69.52842687
  91.34997967 122.34091025 153.27013412 149.55536595 202.17813938
 134.74059973 111.62676469 123.85333378 166.86244261  76.21564622
  59.76986845   0.         111.51143656  73.3620431   51.64705315
   0.           0.           0.        ]
17,[0.00000000e+00 0.00000000e+00 1.00014267e+01 1.00057588e+01
 1.00024592e+01 1.00032046e+01 1.00029023e+01 1.00042459e+01
 1.00039732e+01 1.00008858e+01 1.00003706e+01 1.00015156e+01
 1.00015517e+01 1.00011154e+01 1.00016079e+01 1.00001303e+01
 1.00046093e+01 1.00006032e+01 1.00026308e+01 1.00065876e+01
 1.00062046e+01 0.00000000e+00 0.00000000e+00 0.00000000e+00
 0.00000000e+00 0.00000000e+00 1.79576283e+01 4.89114349e+01
 4.35197829e+01 6.89311468e+01 9.79235568e+01 1.87540794e+02
 1.55750234e+02 1.74408531e+02 1.40601146e+02 1.62620642e+02
 1.14754170e+02 1.49428062e+02 5.07595730e+01 8.21046051e+01
 8.73354309e+01 5.00000000e-02 1.30256335e+02 6.56508609e+01
 4.25538174e+01 0.00000000e+00 0.00000000e+00 0.00000000e+00]
18,[  0.           5.11896406  10.04474109  10.15069398  10.1421269
  10.12821311  10.27954048  10.05667973  10.19315133  10.17710427
  10.00576606  10.18319905  10.16347055  10.04623715  10.27653682
  10.00577963  10.06800366  10.09520226  10.14563509  10.12251081
  10.04457896   0.           0.           0.           0.
   0.           6.99538872  17.23294747  81.76380478  46.17648901
 103.56824903 151.62295526 130.5176832  169.99029613 258.80652852
 138.7674121  176.75556593  42.24553949  30.81583593  68.99744651
  71.01254614  85.99986996 172.00333912  40.8369013   44.27147254
   0.           0.           0.        ]
19,[  0.           0.           0.          10.00044051   0.
  10.06653941  10.09164412  10.00264645  10.02258103  10.02053282
  10.66629517  10.07825869  10.01685131  10.0092903   10.00810765
   0.          10.03342388  10.02896567  10.00390097  10.02647467
   0.           0.           0.           0.           0.
   0.           0.         126.16330101   0.          73.40242981
 106.67252562 191.08543684 140.9408499  157.09608368 155.88748087
 151.43451504 121.43257707 184.55731379  83.15091815   0.
 132.99048005  52.61597541 131.95571499  75.96755879   0.
   0.           0.           0.        ]
20,[  0.           0.          10.02641362  10.06096134  10.01300346
  10.00171751  10.00265236  10.023913    10.00786074  10.01244777
  10.00638071  10.01567847  10.05520094  10.0269875   10.05658146
  10.00702965  10.02641945  10.00193684  10.00729692  10.00429546
   0.           0.           0.           0.           0.
   0.           7.68484021  49.5886449   81.21322095 145.52020658
  90.54718787 133.25276681 113.72800682 117.67784778 142.80676648
 136.61509217 144.80140006 186.08305251  81.66168893  83.80195524
  60.85559891  87.63923901 134.21672224  40.28773202   0.
   0.           0.           0.        ]
21,[  0.          10.01746307   0.          10.01394819  10.00974153
  10.01285939  10.02475088  10.02717173  10.01116599  10.01562264
  10.0200421   10.07342731  10.21051396  10.00192757  10.02287031
  10.02957042   0.          10.03293833  10.05133403  10.03090752
  10.00491178   0.           0.           0.           0.
  37.86935457   0.          50.52472609  68.2106241   84.5139358
 104.06968303 116.03684732 139.91266686 133.7862604  174.18820893
 184.34043794 126.1397232   99.1870412   97.00041681  88.29386201
   0.         101.07877542 119.90863712  58.39862717  51.32974802
   0.           0.           0.        ]
22,[  0.           0.          10.00490416  10.00801125   0.
  10.00114353  10.00168695  10.00198255  10.00849598  10.00443043
  10.00306114  10.00444698  10.00792567  10.00183346  10.00204793
  10.00198925  10.00621754  10.00225246  10.00267783  10.00267966
   0.           0.           0.           0.           0.
   0.          33.05666197 154.36108908   0.          91.63151033
 124.14047148 112.81929504 105.53053076 151.39703085 198.70127012
 122.2662783  125.35017338 158.28664715  39.22162079  84.16464291
  70.9311969   89.27139003 126.35176353  71.35001555   0.
   0.           0.           0.        ]
23,[  0.           0.           0.          10.01376488  10.00576745
  10.00319643  10.00736992  10.00462474  10.00539356  10.0025162
  10.00203425  10.00309637  10.00315725  10.00794176   0.
  10.00827158  10.00964627  10.01461103  10.00958373   0.
  10.00384253   0.           0.           0.           0.
   0.           0.          86.04675768  48.97472053  65.86961962
 114.18911214 126.22060005 140.53440943 167.67075929 150.60425848
 150.57725283 234.31438443 127.44890552   0.          69.43611456
  74.21567718 105.57738705 152.48954748   0.          49.40529287
   0.           0.           0.        ]
24,[  0.           0.           0.          10.01835132  10.04368864
  10.01419163  10.01792006  10.02142898  10.01462015  10.01160516
  10.94255073  10.022633    10.19211017  10.00335013  10.03173228
  10.04968071   0.          10.05412397  10.04311649  10.01929526
  10.00235282   0.           0.           0.           0.
   0.           0.          47.41295568 129.0510151   65.40349977
 145.51693061 154.58900965  97.0905738   99.59453461 174.5596657
 141.65670522 139.42365528 145.53872217 132.0261151   86.14398456
   0.         138.72046049 100.78823194  20.1763103   52.66039585
   0.           0.           0.        ]
25,[  0.           0.          10.00690585  10.01901462  10.01009161
  10.00386107  10.00304835  10.00921624  10.00308815  10.00209164
  10.00471217  10.00900061  10.00297     10.00463913  10.00358065
  10.00467684  10.00162819  10.00421818  10.00985593  10.00413091
  10.01080086   0.           0.           0.           0.
   0.          28.26926776  53.67027802  47.30139142  64.91068727
 109.28990603 139.29547637 148.27148388  69.21557559 145.77654845
 189.72423841 137.20772457 127.52515845 103.20830558  82.71021573
  49.75810361  89.36569379  99.42310129  74.59831392  49.75249994
   0.           0.           0.        ]
26,[  0.           0.           0.          10.0045047   10.01850829
  10.00465445  10.00235003  10.00589044  10.00306922  10.00067242
  10.00076251  10.00012224  10.00031207  10.00437423  10.00087964
  10.01391832  10.01409052  10.000241    10.00468529  10.00184622
  10.00076119   0.           0.           0.           0.
   0.           0.          69.58881347  27.61103743 101.5015535
 109.57301449  84.12249296 145.56961836 135.05095057 171.81761715
 201.71796721 119.45860097 115.96775094  51.45490687 110.28498488
 152.07907109  32.47984763 102.26816265  63.4834618   51.99776132
   0.           0.           0.        ]
27,[  0.           0.          10.11244849  10.00697374  10.24937247
  10.01774474  10.00771676  10.02431112  10.03128736  10.03913996
  10.02267066  10.00363203  10.03648195  10.0622095   10.0743101
   0.          10.05494938  10.07454155  10.06182947  10.14108071
   0.           0.           0.           0.           0.
   0.          86.62225686  47.47306584  80.13486116  78.80721568
  65.95806711 149.81290383 101.03437819 154.65021881 201.47353397
 119.98103993 140.17223057 115.87191685 169.44492292   0.
  69.0804451   88.50082289 126.33770934  89.46466961   0.
   0.           0.           0.        ]
28,[  0.           0.          10.00143101  10.0041187    0.
   0.          10.01117044  10.00065219  10.07046416  10.0018528
  10.0286988   10.00325919  10.0976769   10.00489355  10.01641241
  10.00840537  10.00298083  10.00701024  10.10851248  10.00427718
   0.           0.           0.           0.           0.
   0.         126.07513602  83.08948555   0.           0.
  76.91565476 184.56558748 157.09994962 133.85770253 107.84994302
 172.08610787 127.98614837 110.41932342  93.22663937  85.97762043
  66.85107396 108.96743627 172.26145556  68.09656469   0.
   0.           0.           0.        ]
29,[  0.           0.           6.79221177  10.01061039  10.00918819
  10.03962506  10.01962535  10.03057457  10.00383538  10.0211415
  10.00055901  10.01325303  10.05132624  10.00120015  10.03325917
   0.          10.0102473   10.01873617  10.01109793  10.01774492
  10.01539362   0.           0.           0.           0.
   0.           0.         156.72858451  35.38646702  52.5364942
  64.04542849 193.74460632 141.11347787 175.65236847 164.90448341
 137.40086957  77.67348014  97.30942424 198.09454418   0.
  63.19138936  95.44857468 106.10099612  81.67787895  30.80854564
   0.           0.           0.        ]
0,[  0.           0.          10.02043934   0.          10.39204402
  10.57213299  10.49127616  10.24422031  10.01313382  10.42082753
  10.16609999  10.18291506  11.34062802  10.12741408  10.51878995
  10.24498892  10.14207448  10.1871091   10.1439042    0.
   0.           0.           0.           0.           0.
   0.          42.63587838   0.         111.19711807  92.69569667
 101.35783534 210.48511278 101.57967533 182.99252038 154.45616714
 126.53183531  86.19252051  62.9849256   93.21510905  63.99799325
 117.17949718 163.04031694 195.44245948   0.           0.
   0.           0.           0.        ]
1,[  0.           0.           0.          10.00219116  10.01030424
  10.00333754  10.01408209  10.00207726  10.00231362  10.00196051
  10.00983234  10.00759153  10.00301667  10.00081319  10.00051339
  10.00119002   0.          10.00229574  10.0071806   10.00507116
  10.00379806   0.           0.           0.           0.
   0.           0.          38.20475972  47.5050626   73.67347885
 136.57191128 208.39624723 131.7266788  134.43951726 145.967192
 194.9543611  109.31852921 126.12533443  86.5898706   73.08461321
   0.          88.99964289 185.14667829  26.80892414  44.10578278
   0.           0.           0.        ]
2,[  0.           0.           0.          10.00512422   0.
  10.00068742  10.00721546  10.01117674  10.01783226  10.00501376
  10.00841482  10.01449862  10.00427499  10.00422831  10.0178559
  10.00200858  10.00168635  10.00706829  10.03060153  10.00093361
   0.           0.           0.           0.           0.
   0.           0.         135.88308969   0.         151.54375366
 121.206537   101.11076546 117.75627286 170.37311721  99.60335211
 205.16407787 139.30562996 124.33479627  57.72304947  97.7560819
 110.52899851  75.63883283  85.6778943   94.3168266    0.
   0.           0.           0.        ]
3,[  0.          10.00181436  10.00038322  10.00003211  10.001112
  10.00112648  10.00130529  10.00254515  10.00077874  10.0009629
  10.0002029   10.0012563   10.00435857  10.00096903  10.00025112
  10.00107833  10.00205375  10.00007144  10.00098761  10.00147089
   0.           0.           0.           0.           0.
  23.97966669  -7.12855452  64.99487902  41.62586642  68.55197321
  97.77072213 139.35231728 118.3245703  147.18460802 142.53878471
 151.89880229 118.28459885  94.46362025  90.18800506 144.73907567
 147.0464326   52.95284423 148.79983358  43.93691909   0.
   0.           0.           0.        ]
4,[  0.           0.           0.          10.00065789  10.00205102
  10.00460132  10.00189775  10.00423597  10.00351349  10.0022311
  10.00204697  10.01453157  10.00328011  10.00095826  10.00097419
   0.          10.00254677  10.00082801  10.00296012  10.00182534
   0.           0.           0.           0.           0.
   0.           0.          54.03101061  74.29152545 130.15822367
 107.36347182 122.3146102  163.80211029 124.18012324 168.46875876
 131.71714938 131.39565727 126.14848109 108.66366165   0.
  89.74416416  86.99936817 167.27908782  74.9068045    0.
   0.           0.           0.        ]
5,[  0.           0.          10.00159896  10.00551252  10.00216864
  10.00400269  10.00510911  10.00865784  10.00004187  10.00139951
  10.00503763  10.00509343  10.00856222  10.00987831  10.00611072
  10.00367631  10.00303263  10.00429372  10.00083848  10.01062805
   0.           0.           0.           0.           0.
   0.          85.42782009  55.657891    47.53409197  76.23794923
 101.07858858  77.30278684 140.11425094 111.82683976 150.01031748
 153.88287679 134.39338024 183.67556836  58.51801199  87.0242279
  68.69288368  91.25606822 130.02641359  74.91782824   0.
   0.           0.           0.        ]
6,[  0.           0.           0.          10.00546145  10.00806504
  10.00607155   0.          10.00085544  10.0019582   10.00283478
  10.00533782  10.00358402  10.00474342  10.00065634  10.00254437
  10.01513312  10.01289244  10.00325607  10.01395427  10.00415879
   0.           0.           0.           0.           0.
   0.           0.         128.60882005 113.19996595  65.03312124
   0.         187.11125122 222.61174414 133.4371449  151.56458306
 148.69681667 125.04461839  86.46750388  87.96686557  67.00314875
  70.15982307  95.00563911 147.55814715  48.37616235   0.
   0.           0.           0.        ]
7,[  0.           0.          10.00510679  10.00438792  10.00141294
  10.00206105  10.00181113  10.00107012  10.0009502   10.00449726
  10.00305615  10.00132324  10.00001854  10.00664899  10.00250608
  10.00456063  10.00059353  10.00034672  10.00325852  10.00103012
  10.00172251   0.           0.           0.           0.
   0.          18.51653973  44.81189568  41.58768451  58.15492401
  94.87564218 128.40229278 139.09884294 140.32498674 171.46026256
 136.94309987 130.26860811 164.8680227   84.55981992  85.52594552
  35.70242976  87.67248945 115.6915224   75.155263    48.03847354
   0.           0.           0.        ]
8,[  0.           0.          10.00036924  10.00018911  10.00133862
  10.00063692  10.00113313  10.00068489  10.00550837  10.00170111
  10.00105484  10.00162186  10.00269076  10.00090578  10.00165243
   0.          10.00001161  10.00140414  10.00168278  10.00170763
  10.00049626   0.           0.           0.           0.
   0.          37.79783041  83.76924838 150.78186585  68.97104646
  87.78255455  78.76779212 138.41419479 171.73533445 186.54062178
 154.98988967  77.54896374 127.35085397  74.63201835   0.
  70.94199781  89.0347951  120.39575586  99.04994045  28.86737732
   0.           0.           0.        ]
9,[  0.           0.          10.00139003  10.00311493  10.00723876
  10.00246238  10.00198792  10.0017417   10.02578472  10.00337309
  10.0003214   10.00193724  10.00387147  10.00056446  10.00239841
  10.01061192  10.01153065  10.0015157   10.00380851  10.0031561
  10.0008459    0.           0.           0.           0.
   0.          17.98776395  53.62397592  45.44294441  70.06756781
  95.12493397 126.36904503 139.39259358 158.42102005 126.56085763
 146.23520822 236.12282397 118.94148534  57.94090148 148.44579649
  67.8219594   49.35117909 100.89653272  30.2730897   37.10515875
   0.           0.           0.        ]
10,[  0.          10.0008878   10.00290756  10.00560672   0.
  10.00106417  10.00053616  10.00203585  10.00072683  10.00096451
  10.00164971  10.00033924  10.00201643  10.00023255  10.00163942
  10.00012254  10.00035956  10.0310791   10.00028891  10.00488686
   0.           0.           0.           0.           0.
   6.05984119  74.87977999  49.5526079    0.          68.18217096
  99.02356885 126.62640898 138.56973344 135.92180729 182.39907904
 129.99541908 155.04947426 108.98445009  91.82458549  79.86470213
  72.43508675 102.27357087 124.23972427  80.45246021   0.
   0.           0.           0.        ]
11,[  0.           0.          10.00337115  10.00640364  10.01085376
  10.0007276   10.01845383  10.00124334  10.00569054  10.00636834
  10.00502436  10.00386578  10.02001116  10.01417753  10.00676794
  10.00853843  10.00719904  10.00241475  10.00496709  10.00787334
  10.00046682   0.           0.           0.           0.
   0.          40.39620439  50.89741914  19.71783784  85.99215034
 104.2828171  127.34400112 141.71612098 153.93398812 157.47072283
 167.24275909 127.3900971   72.12392391  83.98337822  66.33162128
 100.05978885  86.73202411 133.99168908  82.55621262  10.90176511
   0.           0.           0.        ]
12,[  10.00572118    0.           10.00522973   10.00636498    0.
   10.01739547   10.0069327    10.00109482   10.00156817   10.00124226
   10.00476846   10.00330551   10.00506015   10.01711084   10.00287369
   10.00381557    0.           10.00280746   10.01719248   10.00573983
    0.            0.            0.            0.         -113.76242224
    0.           59.37301329   82.1165653     0.          153.00371716
   96.46816739  135.24793967  162.7429312   138.43223828  151.81824134
  150.18549226  168.03760035  108.39440789   59.50537646  159.42953538
    0.           19.50149116  133.57571233  114.0813971     0.
    0.            0.            0.        ]
13,[  0.          10.00275765  10.00030427  10.00116421  10.00230467
  10.00383843  10.00089534  10.00131099  10.00954103  10.01250088
  10.00086     10.00335579  10.00058978  10.00079324  10.00474132
  10.00592975  10.00280314  10.0095734   10.00303646  10.004403
  10.00303317   0.           0.           0.           0.
  10.50380035  27.4514547   61.10542108  44.27087189  73.19430468
  94.51013644  76.20506824 137.04561094 170.00698951 145.27407435
 136.92267119 167.26891139 124.55590825  82.74133905  84.84556435
  78.56574127  61.5054989  119.74862761  50.99853539  52.10481579
   0.           0.           0.        ]
14,[  0.           0.          10.00059771   0.          10.00262688
  10.00172502  10.00140199  10.00289127  10.0021555   10.00328408
  10.00127507  10.00965851  10.00210011  10.01140449   0.
  10.00766707  10.00437336   0.          10.00406049  10.00047844
   0.           0.           0.           0.           0.
   0.          45.93100914   0.          80.19018597 100.96906413
 182.77563494 126.3772793  197.71918944 143.8741382  147.02960788
 148.9180414  127.68576577 129.40685322   0.         114.61596642
 122.48463235   0.         153.99186398  73.80561646   0.
   0.           0.           0.        ]
15,[  0.           0.          10.00225165  10.03586252  10.00200125
  10.00198618  10.00355698  10.00139985  10.00243578  10.0012027
  10.00556629  10.00129118  10.0067818   10.01831383   0.
  10.00214212  10.00800263  10.01396754  10.01437425  10.03466753
  10.01662953   0.           0.           0.           0.
   0.          21.82341791  61.65261158 120.15685674  60.02606107
  95.86862434 129.43504859 167.82863013 131.54502832 150.12453029
 140.3306485  110.56310988 154.03186763   0.         140.52763596
  52.74733531  40.86434305 135.24664078  72.96670233  50.85556641
   0.           0.           0.        ]
16,[  0.           0.          10.00118941  10.00278532  10.00278283
  10.00225539  10.00165769  10.00259736  10.00430091  10.00280641
  10.00045499  10.00195934  10.00111598  10.00176873  10.00103999
  10.000558    10.00082108  10.00075136  10.00109328  10.00310134
  10.00172945   0.           0.           0.           0.
   0.          22.69335516  52.91031908  47.86738097  59.77404391
  98.11466573 117.73452658 141.31608889 185.07558908 150.87134255
 143.03726833 129.03525783 126.25485602  65.31736407  84.97229445
  60.97122818  88.89592211 132.94347089  46.40516739  45.59509985
   0.           0.           0.        ]
17,[  0.           0.           0.          10.00260922  10.01050808
  10.0155877   10.01400261  10.00151547  10.0030523   10.0058125
  10.00489639  10.00874495  10.00650448  10.00186201  10.00356695
  10.02100877  10.01472364  10.00840863  10.01234695   0.
   0.           0.           0.           0.           0.
   0.           0.          56.07560208  60.39434639  95.06235315
  80.26519524 143.83707711 174.74829948 151.07183432 145.03650094
 173.03728412  94.3435562  122.22350213 103.31260981  65.31171889
 174.76656209  92.18635995 137.01086835   0.           0.
   0.           0.           0.        ]
18,[  0.           0.           0.          10.00427468  10.00565039
  10.00003019  10.00350053  10.0097012   10.02264351  10.00863764
  10.01293286  10.01340003  10.0000139   10.00536953  10.00606349
  10.01104034  10.00189028   0.          10.00584922   0.
  10.00523109   0.           0.           0.           0.
   0.           0.          55.86974977  98.37885998 138.09371563
 113.4234708  138.57929199 145.47465124  84.22877265 151.02320009
 123.68930798 130.48985305 177.02117037  84.49002019  81.85266856
  79.00187997   0.         233.77182446   0.          45.18307262
   0.           0.           0.        ]
19,[  0.           0.           0.          10.01466806  10.0063544
  10.00656698  10.00364873  10.00223197  10.00322645  10.00764557
  10.0063085   10.00270126  10.00750632  10.00215536  10.00292535
  10.00754891  10.00459479  10.00000769  10.00335164  10.00159755
  10.00441034   0.           0.           0.           0.
   0.           0.          47.93296785 119.97974591  68.92886544
  94.61056394 110.22949979 133.68234868 134.54041447 153.21594516
 132.11423723 136.24869928 124.582856    75.6288499  124.04669455
  65.10292643 109.37125111  94.18954539  68.84066706  45.68276098
   0.           0.           0.        ]
20,[  0.           0.          10.00912278   0.          10.00399603
  10.00595079  10.00143245  10.00372752  10.0019363   10.00620759
  10.00677686  10.00916711  10.00049945  10.00064053  10.0031567
  10.00705596  10.00923059  10.00317995  10.01366354  10.00164506
  10.00806584   0.           0.           0.           0.
   0.          41.86029198   0.         128.62278921  70.29617368
  94.66699045 128.66287819 129.08941253 133.59405535 145.73363826
 145.90524842 135.32078367  77.58447433 139.95156826 130.27381984
  68.33235159  71.03025544  97.23023169  68.44941091  32.3466009
   0.           0.           0.        ]
21,[  0.           0.          10.00939941  10.02061813  10.00429404
  10.00785656  10.31658007  10.01024384  10.00534081  10.0047675
  10.00463054  10.015081    10.02329244  10.02551584  10.00089811
  10.02204597  10.01847077  10.00045219  10.03042764   0.
  10.00946839   0.           0.           0.           0.
   0.          22.95688167  53.02427497  53.08081474  69.73058109
  99.64212803 123.20236658 150.64007147 218.73116993 129.74565427
  86.67405533 178.56054994 123.13267556  86.30899126  82.79795068
  65.93957762  73.59978635 166.96708451   0.          50.35959715
   0.           0.           0.        ]
22,[  0.           0.          12.07367942  10.01679524  10.09386092
   0.          10.05048082  10.30833809  10.13409329  10.31165086
  10.05519419  10.07537463  10.02239144  10.16671383  10.04762077
  10.05682255  10.15786195  10.04360449  10.01519123  10.16011269
  10.03622363   0.           0.           0.           0.
   0.          19.86669626 132.48688789 101.88677793   0.
 161.33218466 103.84147937 127.79862313  60.52638408 146.71315395
 208.93664018 111.23178752 143.29656863  75.89514358  38.97536837
 110.58863024  88.52085056 127.49230304  68.86580478  32.18431282
   0.           0.           0.        ]
23,[  0.           0.          10.00637768  10.00057905  10.00285274
  10.00601531  10.01075083  10.00032118  10.00340861  10.0013982
  10.00255775  10.00458804  10.00218726  10.02396142  10.0006891
  10.0133288   10.00394784  10.00142188  10.0009524   10.00578819
  10.00217068   0.           0.           0.           0.
   0.          18.55566797  52.75495345  46.34947323  68.53125555
  96.10446055 133.71240128 161.81381609 135.10834138 148.23585257
 148.94397349 126.5741447  124.26989962  86.13378088  57.62069934
  61.57186949  86.37406906 116.83559279  82.27724582  44.05555601
   0.           0.           0.        ]
24,[  0.           0.          10.00067245   0.          10.00368888
  10.00159629  10.00252901  10.00272169  10.0007703   10.00153212
  10.00480865  10.00734573  10.00548169  10.00005868  10.00218123
  10.00380599  10.00304613  10.00327663  10.00604001  10.00107147
  10.00517815   0.           0.           0.           0.
   0.          51.5101698    0.          74.01295712  45.97942443
 107.63353537 132.26890523 124.93851461 135.54438739 176.58985664
 188.9924549  131.94157369 126.3056102   80.59669132  84.63755612
 127.86885217  74.54656627  49.33517605 100.30028176  28.70732959
   0.           0.           0.        ]
25,[  0.           0.          10.00017818  10.0061193   10.00744968
  10.00370502  10.00507026  10.00086597  10.00021981  10.00494785
  10.006339    10.00162615  10.00239452  10.00193304  10.01053829
  10.00286152  10.00117721  10.00810915  10.00010566   0.
  10.00043027   0.           0.           0.           0.
   0.          42.30443688  49.51345928  54.58291249 106.47518699
  95.92871519 117.83760064 184.99616789 122.44326757 129.5616971
 144.40749665 140.52889859 134.36383486  63.97788902 103.0424167
  67.6883967   72.45505098 152.03593437   0.          48.96940687
   0.           0.           0.        ]
26,[  0.           0.           0.          10.01597445  10.12241795
  10.40011718  10.69935399  10.21283243  10.01663807  10.20303455
  10.3532864   10.44802452  10.453701    10.40375905  10.07329286
  10.01821149  10.21454049  10.89034251  10.15933772  10.06690777
   0.           0.           0.           0.           0.
   0.           0.          54.11928671  69.40945371 113.61074223
  86.26468477 204.16090861 116.96565135 135.13467794 112.40112872
 124.39505315 151.98615269  93.66893959 127.60634532  99.16359212
  29.52630657 121.83566462 122.27815565  99.13602072   0.
   0.           0.           0.        ]
27,[  0.           0.          10.01178169  10.00163545  10.00061123
  10.01028988  10.00889351  10.01305021  10.00262764  10.00710906
  10.00408458  10.0053837   10.02127943  10.00147701  10.00108506
  10.00377089  10.00399194  10.00848558  10.01743289   0.
  10.01250638   0.           0.           0.           0.
   0.          19.79622964  66.66490789  46.0112109   75.90613357
  97.53877046 109.20650843 143.32528382 146.88336637 149.68341487
 161.80792222  73.3543763  129.99414274  87.77164308  80.3535
 167.11659741 132.96883447  96.02403392   0.          51.95472408
   0.           0.           0.        ]
28,[  0.           0.           0.          10.00145496  10.00088688
  10.00469896  10.00392874  10.00501329  10.00181043  10.00409426
  10.00198516  10.00293116  10.00227265  10.00317854  10.0033852
  10.00312654  10.00495558  10.00157879  10.01057264   0.
   0.           0.           0.           0.           0.
   0.           0.         131.17828257  43.86574618  68.58387168
  54.95260485 186.59064804 141.794426   135.30944009 180.59692129
 159.64160603 131.51332551 125.01628226  84.30481563  83.77740145
  70.02925001 129.2242818  134.43198504   0.           0.
   0.           0.           0.        ]
29,[  0.           0.          10.00262183  10.00147149   0.
  10.00347126  10.00325563  10.00332517  10.00075095  10.00114429
  10.00331001  10.00259807  10.00072405  10.00086165  10.00018488
  10.00049114  10.00082399  10.00130962  10.00366853  10.00272156
  10.00321703   0.           0.           0.           0.
   0.          29.45499217 142.53289835   0.          54.04028661
  78.14620841 108.38951876 139.35498935 250.82932948 118.7421361
 155.84664125 128.61237021 132.48442217  83.21199068  63.92248958
  58.00814296  90.88547667  83.80528127  94.08281109  33.86101169
   0.           0.           0.        ]
0,[  10.00205212    0.           10.00294978   10.01153405   10.00207053
   10.00138104   10.00523305   10.00760779   10.01140505   10.01207911
   10.01068272   10.00178289   10.00093597   10.00139488   10.00871385
   10.00638665   10.00480212   14.24728946   10.00260932   10.00784814
    0.            0.            0.            0.         -113.44073222
    0.           65.74684161   18.99476629   50.31616123   92.17793888
   97.04042584  124.74549607  129.36198199  130.44243061  226.56537031
  145.92342511  131.12554907  147.37928578   85.74110055   85.88589195
   -2.02071172  123.1117795   129.77758111   72.43070858    0.
    0.            0.            0.        ]
1,[  0.           0.          10.00833744  10.0033075   10.00019572
  10.00283287  10.00711214  10.00064866  10.00167453  10.00102837
  10.00041799  10.00023079  10.00158022  10.0044567   10.00099002
  10.00399941  10.00033281  10.00018464  10.00200155  10.00505282
  10.00422944   0.           0.           0.           0.
   0.          23.06874755  48.2354855   42.6861087   67.48997534
  93.32407486 122.75563054 134.95294724 195.75452969 149.94737175
 151.93138276  68.81300711 123.00393485  85.11351096  84.07226641
  66.78457554  90.81532634 133.16337418  74.15818186  45.23181863
   0.           0.           0.        ]
2,[  0.           0.          10.00223551  10.00612253  10.00397298
  10.00645384  10.00687725  10.00811724  10.01273518  10.00416662
  10.00045693  10.00462619  10.00571477  10.00698214  10.00148027
   0.          10.0034472   10.00018563  10.05453846  10.01181186
  10.00285627   0.           0.           0.           0.
   0.          71.13941592  52.0549029   46.64952115  69.27585484
  57.48826509 141.54412066 210.77357686 133.05522229 146.64706466
 122.19261927 207.25880558 106.96145447  90.45389309   0.
  70.16499906  81.07469063 135.20447617  49.89028701  51.56342639
   0.           0.           0.        ]
3,[  0.          10.00083322  10.00116334  10.00179142  10.00749906
  10.00437855  10.00409217  10.00159567  10.00107183  10.00161369
  10.0006284   10.00395297  10.00018708  10.00174882  10.00207149
  10.00222152   0.          10.00253234  10.00088684  10.00260521
  10.00285563   0.           0.           0.           0.
   7.88542827  21.75942188  53.16702486  45.99868241 151.10114389
  96.26359594 128.6585058  142.26022738 131.21076252 103.52163929
 148.37382746 124.32286095 120.58711458  82.31820988 108.32046925
   0.          93.97873336 133.05821877  68.5222578   49.60337851
   0.           0.           0.        ]
4,[  0.           0.           0.          10.00181326  10.0030367
  10.00711628  10.00216808  10.00112183  10.00083752  10.00218952
  10.00878891  10.00319093  10.00432765  10.00138735  10.00106232
  10.00145291  10.00102806  10.00572744  10.00317955  10.00183435
   0.           0.           0.           0.           0.
   0.           0.          78.72242679  44.74793738  68.96165047
  96.25273592 234.9015574   96.25117549 135.92049396 150.98151641
 153.75941381  62.61648764 127.07694595  88.57898965  85.76333975
 119.89348599  89.97229122 136.56750624  75.36235711   0.
   0.           0.           0.        ]
5,[  0.           0.          10.0151069   10.00601679  10.00757286
  10.00868743  10.00301829  10.00231807  10.00299176  10.00327858
  10.0000746   10.00704211  10.00307548  10.00383266  10.00669059
  10.00154865  10.00184309  10.01099046  10.00783894  10.01056067
  10.01555405   0.           0.           0.           0.
   0.          14.18125027  53.61832211  39.43472612  68.65818205
  79.04056007 132.2909     143.62334995 172.96186743 154.22944854
 155.20018204 131.41554883 128.24298593  85.54627247  93.78983454
  27.61527604 105.16533345 138.48206413  38.25748028  44.12593682
   0.           0.           0.        ]
6,[  0.          10.00275343  10.00388463  10.01237348  10.00265108
  10.00363573  10.00648176  10.01633846  10.00186898  10.00181032
  10.0083515   10.00215451  10.00976628  10.00185713  10.00137954
  10.00266534  10.00194802  10.00034638  10.00611116  10.01214399
  10.01168038   0.           0.           0.           0.
   2.9482563   17.70051346 123.96640371  49.86622212  76.66579023
 102.32380035 128.45877713 144.58843771 133.6258727  149.52298251
 150.9447829   86.44718479 111.67703339  31.03472452  79.15272138
  70.51174462  90.01248338 126.18768321  72.70121819  48.78630321
   0.           0.           0.        ]
7,[  0.           0.           0.          10.00456831  10.01812549
  10.00547802  10.00436968  10.00192442  10.00217989  10.00497274
  10.000179    10.00060701  10.00621057  10.00110006   0.
  10.00563299  10.00141558  10.00448729  10.00301003  10.00554131
  10.01435079   0.           0.           0.           0.
   0.           0.          53.32573437 118.34309153  73.96908172
  78.85129763 133.20806771 152.8262676  148.99807137 146.9564992
 149.59397774 180.21306497 103.13379959   0.          87.27687599
  67.9120884   92.78175663 133.57702378  71.15688021  48.71529629
   0.           0.           0.        ]
8,[  0.          10.00140347  10.00542674  10.00063817   0.
  10.00473388  10.00143892  10.00008807  10.00101393  10.00158976
  10.00468839  10.00072013  10.00234398  10.00193545  10.00374964
  10.00091367  10.0014194   10.00086232  10.00052615  10.00059313
  10.00089204   0.           0.           0.           0.
  11.05165883  27.97520393  52.77458099   0.         105.45721003
  88.6569758  135.90067926 142.66547967 136.91808224 220.95792484
 160.67962031  65.70135964  80.65923198  88.81059258 133.6812878
  60.96931375 158.3733069  125.08078144  26.05072248  16.28947734
   0.           0.           0.        ]
9,[  0.           0.           0.          10.00859428  10.01092044
  10.03899009  10.00279308  10.00857312  10.01653243  10.02311609
  10.02374902  10.0078119   10.00524423  10.00595739  10.01762775
  10.00352021   0.          10.01150627  10.00744915  10.02919988
  10.00137533   0.           0.           0.           0.
   0.           0.          88.07210134  67.59356508  70.00237162
 123.65371576 153.26769515 163.4082451  102.02017578 121.85114809
 147.56613466 128.64721671 143.11709591  87.90082316 111.72246922
   0.          85.75630067 132.89135976  88.78812678  38.68891321
   0.           0.           0.        ]
10,[  0.           0.          10.00166429  10.00575458  10.00607221
  10.0021239   10.00172983  10.00379076  10.00070682  10.00285439
  10.00391383  10.00021793  10.00975766  10.00136237  10.00874413
  10.00521659  10.00576235  10.01041046  10.00113479  10.00164938
  10.00176769   0.           0.           0.           0.
   0.          23.67797103  54.52453398  47.81019786 152.03851261
  95.841519    97.93988427 152.24110721  92.28915095 150.72183561
 145.77016886 145.16909898  64.67213191  85.9748566   90.22642421
  69.48572069  86.21245902 135.32853854  71.01859313  51.7416495
   0.           0.           0.        ]
11,[  0.          10.00738244   0.          10.01057627  10.00680896
  10.00052485  10.00022764  10.00307379  10.0159504   10.00662833
  10.00689342  10.00368953  10.00890551  10.02239237  10.02635515
  10.00349039  10.01135286  10.00836491  10.01146453  10.00451564
  10.01166795   0.           0.           0.           0.
  17.18360723   0.          14.69817795  44.57031182 117.47782063
  95.41898632 172.96990627 161.74575817 133.4960801  143.37523324
 148.68585173 106.06290327 126.78114205  74.58401569 133.22408229
  56.53666018  53.09861336 134.03685053  38.26030541  50.43611305
   0.           0.           0.        ]
12,[  0.           0.           0.          10.01555591  10.00191676
  10.00235683  10.00430165  10.00058089  10.00042056  10.00409184
  10.00107007  10.00117417  10.0013875   10.00271858  10.00059356
  10.0013261    0.          10.00130878  10.00581562  10.001101
  10.00064534   0.           0.           0.           0.
   0.           0.          51.64919919  87.64539685  92.14693196
  96.39185159 180.15119179 140.70568177 127.29955406 147.6330891
 128.32600771 147.58346597 139.92985797  87.30760338  80.04111456
   0.          72.27780375 141.96820442  74.90043646  44.15631513
   0.           0.           0.        ]
13,[  0.           0.          10.00592477  10.01313314  10.00095094
  10.00255968  10.00471512  10.00526464  10.04613375  10.00120295
  10.00175434  10.00066414  10.00373452  10.01619013  10.00586838
  10.00080447  10.00730017   0.          10.0059647   10.00848812
  10.00091907   0.           0.           0.           0.
   0.         105.90940796  51.01914803  65.45868952  65.71511369
  74.28081955 125.899668   154.26686919 146.81671156 155.39459487
 161.99561086 130.65732288 100.15563736  85.01285971  79.05714189
  68.27108209   0.         134.27192943  73.34660845  49.69567515
   0.           0.           0.        ]
14,[  0.           0.          10.00180817  10.00014334  10.00287518
  10.00468876  10.00619228  10.00078616  10.00138827  10.00300056
  10.00941747  10.00370278  10.00651805  10.00037851   0.
  10.00261716  10.00398822  10.00769869  10.00187543  10.00220835
  10.00055752   0.           0.           0.           0.
   0.          24.49885929  54.24515607  46.68461708 149.64306006
  95.70943092 129.33891609 139.4472988  108.72170707 193.56180835
 133.50987057 131.68336669 128.90443925   0.          76.86220074
  90.60068275  88.74138126 126.00233214  74.62293197  35.65900307
   0.           0.           0.        ]
15,[  10.00067054    0.           10.00094451   10.00190087   10.00308481
   10.00039557   10.00148956   10.00168362   10.00017403   10.0023416
   10.00126842   10.00078441   10.00232199   10.00388137    0.
   10.00344194   10.00261944   10.002846     10.00091771   10.00025483
    0.            0.            0.            0.         -113.89223387
    0.           17.83949452   67.24218541   51.84389742   65.89634692
  103.18410904  161.65953711  147.90210045  111.89353213  221.80392138
  175.11989863  122.63942767   98.08410131    0.          109.47582729
  121.44530647   82.1870503   101.36772613   99.39890885    0.
    0.            0.            0.        ]
16,[  0.           0.          10.00065512  10.0099079   10.00475922
  10.01754717  10.00435807  10.00440347  10.00679689  10.00263065
  10.00592474  10.01179312  10.00022576  10.001811    10.00574505
  10.00069614  10.00133698  10.00226745  10.00431139  10.00341153
  10.00696442   0.           0.           0.           0.
   0.          24.53684516  50.72761338  46.0836326   63.7924467
  97.41269581 127.79619211 168.68432192 134.21162471 118.49732774
 148.65669346 126.21243113 128.6648039   89.96542935  88.23207236
  70.03631937  81.07567629 132.62559448  75.07637009  25.31568573
   0.           0.           0.        ]
17,[  0.          10.00522162  10.00259461  10.00065251  10.00099282
  10.00309477  10.00243579  10.00353637  10.00119078  10.0010577
  10.0046313   10.00026304  10.00623685  10.0023709   10.00139473
  10.0025315   10.00132234  10.0019592   10.00184313  10.00426495
  10.0026956    0.           0.           0.           0.
   3.43122232  20.88924889 134.79688004  37.4359419   41.61453496
  95.52467239 113.21170909 137.79630997 108.66724171 157.10167844
 151.14731305 126.01497603 125.70135462  57.20161846 113.83282325
  55.87452767  89.57465377 109.3773971   72.27979006  49.82112357
   0.           0.           0.        ]
18,[  0.           0.           0.          10.00401551  10.00482499
  10.0029537   10.00776669  10.00441952  10.00398436  10.00191478
  10.002387    10.00331732  10.00659665  10.00959305  10.00197837
  10.00822478  10.00599515  10.01085967  10.00770348  10.00456582
   0.           0.           0.           0.           0.
   0.           0.          49.66415391 158.53506588  40.21358015
  70.34510842 126.63650184 147.65393902 126.59955854 143.50173305
 151.23344106 155.22043096 143.7993118   85.31681758  46.55409949
  70.79745601 139.44356139 126.3520867   68.64506545   0.
   0.           0.           0.        ]
19,[  10.0025089    10.00189486   10.00715172   10.00587328   10.00150413
    0.           10.00176085   10.00667804   10.00226642   10.0049636
   10.00951058   10.00325948   10.00217346   10.00236358   10.00553693
   10.00185526   10.00269339   10.00042569   10.00215539   10.00268852
    0.            0.            0.            0.         -113.99205363
   29.78583785   62.89849821   58.01286967   69.02489856    0.
   99.2379034   175.13188835  126.37258392  137.03742091  153.39640408
  133.07239542  128.90556833  124.21903538   66.59680473   78.94275187
   73.18030365   88.44354035  149.60328932   77.24106549    0.
    0.            0.            0.        ]
20,[  0.           0.           0.          10.10154516  10.05140035
  10.08990678  10.01343255  10.04170865  10.00612267  10.01344172
  10.09111871  10.05837862  10.0516376   10.02723722  10.05804777
   0.          10.03025046  10.0655588   10.05518664  10.04524927
  10.00581866   0.           0.           0.           0.
   0.           0.         109.97408246  34.69467514  57.79435695
  86.8827218  138.74111243 182.0415423  195.96721807 174.3110612
  99.14982154 119.4337434  226.6534597  118.85593757   0.
  33.65505041 108.30130608 165.9874871   23.70974975  41.489965
   0.           0.           0.        ]
21,[  0.           0.          10.00099612  10.00242079  10.00058135
  10.00403377  10.00086302  10.00274998  10.00729662  10.00911115
  10.01018871  10.00270331  10.00616259  10.00056468  10.00378858
  10.00205542  10.00019714  10.00071361  10.00075667   0.
   0.           0.           0.           0.           0.
   0.          25.55698829  36.94860782  15.4643554   68.63073761
  94.67025926 130.46912552 142.30994385 227.44288234 147.32329542
 149.28621192 127.20801007 110.3368489   84.17070871  71.68237582
 181.67822694  88.79080216 151.30016063   0.           0.
   0.           0.           0.        ]
22,[  0.           0.           0.          10.02955002  10.04393816
  10.03711685  10.00246634  10.06731451  10.08275609  10.05830747
  10.01520797  10.02206133  10.0145684   10.04592328  10.08261664
  10.02661276  10.12555125  10.0945334   10.06414833  10.00731595
   0.           0.           0.           0.           0.
   0.           0.          85.73597024  26.06381881  78.72911495
 140.06450237 148.44926782 143.97212158 129.79624079 134.97608262
 151.76078438 209.4951556  106.70905226  82.31995896  71.24200541
  56.04728014  85.51100449 148.9505919   56.46844257   0.
   0.           0.           0.        ]
23,[  0.           0.          10.00262095  10.00216333  10.00118849
  10.0015302   10.00291156  10.00159399  10.00199916  10.00411353
  10.00022981  10.00020286  10.00198636  10.01125521  10.00197165
  10.00131022  10.00303813  10.00328253  10.00087313  10.00144355
  10.00030658   0.           0.           0.           0.
   0.          59.99962134  99.0086393   46.65799438  80.95430376
  95.50932831  77.00819671 139.50098263 142.56258532 127.20224117
 184.95692186 134.44801228  93.22554149  84.89626558  77.99178911
  66.25973342  72.77969603 124.2982484   57.3996569   51.65510193
   0.           0.           0.        ]
24,[  0.           0.           0.          10.00066305  10.00306961
  10.00061957  10.00126755  10.00029094  10.00187192  10.00026426
  10.00094104  10.00287006  10.00099855  10.0004929    0.
  10.00111051  10.0024017   10.00042487  10.00020339  10.0019452
  10.00068624   0.           0.           0.           0.
   0.           0.          70.28668872  76.48550168  70.67763201
 165.04073564 124.40809078  78.17205914 160.36010991 145.25966927
 177.78792973 153.93335979 124.67889276   0.         120.4469168
  37.62776967 113.77201962 137.79503782  50.67816787  51.10109987
   0.           0.           0.        ]
25,[  0.           0.          10.00043216  10.00472789  10.00752175
  10.00521982  10.00296791  10.00377879  10.00143997  10.00836739
  10.00127481  10.00393649  10.00639193  10.0010119   10.00160909
  10.00052853  10.00669664  10.00485118  10.00149853  10.00191031
  10.00051548   0.           0.           0.           0.
   0.           7.54990775  73.4168755   40.85740735  64.01200943
 113.46239146 128.81549145 137.30770519 137.11141527 157.02394215
 166.635121   137.87178829 116.83935298  90.06318996  80.57069386
  68.53083429  66.22117097  95.86737331  74.09122321  47.48482734
   0.           0.           0.        ]
26,[  0.           0.          10.00146875  10.00428617  10.00299516
  10.01381829  10.00365315  10.00249881  10.01162965  10.00320927
  10.0049874   10.00016799  10.00350709  10.00155579  10.00219098
  10.00892846  10.00406844  10.00231983  10.00447608  10.00610958
  10.00747873   0.           0.           0.           0.
   0.          25.20652311  51.89852512  39.09905761  89.63545295
 104.09858679 128.64283998 141.54210504 128.21226969 158.97070848
 178.5113023  124.79141876 133.12756016  51.73766368  85.01089821
  77.31040777  94.49062822  85.65074043  67.7341763   40.35299462
   0.           0.           0.        ]
27,[  0.           0.          10.00028622  10.00338173  10.00178399
  10.0018775   10.00119234  10.00335971  10.00348098  10.0031707
  10.00172869  10.00021782  10.00113433  10.00153201  10.0026888
  10.00548928  10.00156751   0.          10.00107057  10.00258921
  10.00294289   0.           0.           0.           0.
   0.          32.26251809  96.88486708  46.1994363   42.329687
  55.37925304 145.66278013 128.55662024 204.89439152 171.31234509
 106.65581083 152.56729412 184.97921906  80.88191406 128.29604533
  74.60917237   0.          76.492158    74.88070927  51.86255149
   0.           0.           0.        ]
28,[  0.           0.          10.00286451  10.00212594  10.00478032
  10.0022053   10.00337745  10.00329638  10.00462496  10.00222876
  10.00289691  10.00253708  10.00389295  10.0018847   10.00122531
  10.00024684  10.00333371  10.01232875  10.00982845  10.0032547
   0.           0.           0.           0.           0.
   0.          41.51287349  61.37609427  49.33622625  75.62535392
 122.41785896 180.50189298 105.11254083 124.66012471 131.83513485
 140.00009469  91.04633201 103.25029014 161.92271739  67.16618364
  84.53996847  43.42304945 124.2234597  153.182176     0.
   0.           0.           0.        ]
29,[  0.           0.          10.00839266  10.00124293   0.
  10.00297429  10.00587056  10.00800529  10.00331948  10.00523618
  10.00551053  10.00853351  10.01381886  10.00708067  10.00251222
  10.00096332  10.00094618  10.01380682  10.00993485  10.01128671
   0.           0.           0.           0.           0.
   0.          38.71184324  49.95866023   0.          70.58142651
 103.33533466 128.46992653 150.33335937 179.71478675 150.82396201
 154.47005014 132.04050103 126.42343186  86.34097146  84.32398753
  69.1803601   89.51741573 132.67686424  80.0686674    0.
   0.           0.           0.        ]
