0,[  0.           0.          35.06885452  20.77297529  48.74143354
   0.           0.           0.           0.           0.
  27.94448448   0.           0.           0.           0.
   0.          61.99185655   0.           0.          58.40870466
  28.84002792   0.           0.           0.           0.
   0.           0.           0.           0.         131.77351178
 129.79133292 136.42204257 131.86128213 133.79743346 131.79185087
 137.00741522 137.71793338 139.45231833 138.82955825 121.85243163
   0.         134.6843154  128.27025544   0.           0.
   0.           0.           0.        ]
1,[  0.           0.          39.57941393  62.36369351  48.24483638
   0.           0.           0.          10.96461827   0.
   0.           0.           0.           0.           0.
   0.           0.           0.           0.           0.
   0.           0.           0.           0.           0.
   0.           0.           0.           0.         132.94346821
 127.21941763 130.2777158  122.29127255 132.61201578 132.63275198
 140.         127.24712436 129.38338481 125.31987968 114.0863709
 118.47584326  95.48222536 135.05039764  87.93609542   0.
   0.           0.           0.        ]
2,[  0.           0.           0.          51.58318735  52.86680118
   0.           0.          26.73271187   0.          28.55363923
   0.          23.46046279   0.           0.           0.
   0.           0.           0.           0.           0.
   0.           0.           0.           0.           0.
   0.           0.           0.           0.         138.55666726
 113.59791259 124.52235772 140.         108.94245882 140.
 139.62290551 127.55044695 122.98214586 112.97585639 106.20245595
  79.02215712  88.8278773  132.53559112  88.33169374  53.88381874
   0.           0.           0.        ]
3,[  0.           0.           0.          55.80959835  51.08664237
   0.           0.           0.          53.04490267   0.
   0.          36.41282753   0.           0.           0.
   0.           0.           0.           0.           0.
   0.           0.           0.           0.           0.
   0.           0.           0.           0.         127.40228797
 115.87118584 127.27876995 131.52580948 129.22444756 139.60006323
 123.84266125 133.32099939 132.00111617 136.37561905 101.41589814
  60.59245343 136.05110553 130.51404171  93.1343562    0.
   0.           0.           0.        ]
4,[  0.           0.           0.           0.          38.29543218
   0.           0.           0.           0.           0.
   0.           0.           0.           0.           0.
   0.           0.           0.           0.          34.47923297
  30.24474141   0.           0.           0.           0.
   0.           0.         134.76932729   0.         125.45202183
 136.33228809 128.63792195 140.         139.64669467 140.
 134.97684006 130.02714015 129.82615682 115.39022062 119.33058256
 119.91545667  98.79420801 127.29422236   0.           0.
   0.           0.           0.        ]
5,[  0.           0.           0.           0.          50.07078239
  67.1596987    0.           0.           0.           0.
  34.93313196   0.           0.           0.          34.8774025
   0.           0.           0.           0.           0.
   0.           0.           0.           0.           0.
   0.           0.         134.09620334   0.           0.
 130.73730984 133.98511897 137.94389842 132.66868439 124.00934376
 140.         126.01096232 137.50291611  60.1225975  121.50516768
 116.48172307 112.30235192 114.77540976 107.04676627   0.
   0.           0.           0.        ]
6,[  0.           0.          32.25084001  23.09117099   0.
   0.           0.           0.           0.          15.03319817
   0.           0.           0.           0.           0.
   0.          15.0634701    0.           0.           0.
   0.           0.           0.           0.           0.
   0.           0.           0.         132.02777885 123.95980083
 130.21558127 135.62069988 128.26806808 127.03928045 139.88506465
 137.2540896  128.454823   132.01506884 121.0290744  128.66771329
   0.         127.57750033 133.4233655  119.61405733   0.
   0.           0.          21.10477662]
7,[  0.           0.           0.           0.           0.
   0.           0.           0.           0.           0.
   0.          45.25564428   0.           0.           0.
   0.           0.           0.           0.          30.49294391
   0.           0.           0.           0.           0.
   0.           0.         122.14589995  73.92959933 106.1319688
 124.36451248 127.25625712 128.26880892 137.30670978 139.08702465
 115.74435572 128.64481174 129.03686383 135.13339847 109.89287205
 119.80611052 123.01025109 129.77684829   0.           0.
   0.           0.           0.        ]
8,[  0.           0.           0.           0.           0.
   0.           0.           0.           0.           0.
   0.          37.17012808   0.           0.           0.
   0.           0.           0.           0.           0.
   0.           0.           0.           0.           0.
   0.           0.         136.00496133   0.         105.29384732
 128.39984412 134.5032177  140.         134.17998319 139.79484653
 132.19425203 133.92042483 135.28722708 121.22420862  88.07532028
 117.52464028  89.3349003  135.95636757 112.17229669   0.
   0.           0.           0.        ]
9,[  0.           0.          15.64223247  49.53454374  58.97711807
   0.           0.           0.           0.          22.72603426
  51.88769233  33.20064174   0.           0.           0.
   0.           0.           0.           0.           0.
   0.           0.           0.           0.           0.
   0.           0.           0.           0.         103.40730642
 103.59344946 127.79419451 135.36608543 121.95729032 130.30086586
 138.47321074 136.33488747 132.38098187  94.85568741 103.26582162
  69.20014299 114.96984414 133.71206784 125.0947318    0.
   0.           0.           0.        ]
10,[  0.           0.          31.07927987   0.          31.53733472
  54.97056227   0.           0.           0.           0.
  28.43169378  27.7098201    0.           0.           0.
   0.          47.9843971    0.           0.           0.
  32.97394771   0.           0.           0.           0.
   0.           0.         136.93726983   0.           0.
 109.75444401 134.24305081 137.86408669 126.00493798 130.26900607
 139.9699063  134.37523053 122.34604367 120.52793241 118.34482657
   0.         126.33355093 124.38714792  96.71170816   0.
   0.           0.           0.        ]
11,[  0.           0.          37.87650888   0.           0.
   0.           0.           0.           0.           0.
  43.97500256  37.37350809   0.           0.           0.
   0.           0.           0.           0.           0.
  39.06119513   0.           0.           0.           0.
   0.           0.         137.93556626   0.          82.17058293
 132.94494563 138.16915025 116.77439789 134.32005341 115.90731581
 140.         131.44179601 139.04459943 137.40798104 106.56838039
  88.32585486 134.50916763 128.56191501   0.           0.
   0.           0.           0.        ]
12,[  0.           0.           0.           0.          36.54091857
   0.           0.           0.           0.          41.36811845
  17.84932097   0.           0.           0.           0.
   0.           0.           0.           0.           0.
  47.34400756   0.           0.           0.           0.
   0.           0.          90.06016826   0.         128.09589052
 122.46550489 132.99366083 125.5903756  127.92655219 140.
 136.52641103 130.30725575 125.07758674 115.95253881 107.1025812
  86.7056675  101.62257411 129.14784563  66.84104348   0.
   0.           0.           0.        ]
13,[  0.          38.69710127  29.88518614  52.6428963   33.24689956
   0.           0.           0.           0.           0.
   0.           0.           0.           0.           0.
   0.           0.           0.           0.           0.
   0.           0.           0.           0.           0.
   0.           0.           0.           0.         130.12453692
 138.64882253 138.0172497  138.99687186 130.84713392 139.85345989
 140.         128.7819989  131.90839851  99.23720841  85.30841221
  92.8360348  100.08673841 131.66226224 130.71718092   0.
   0.           0.           0.        ]
14,[  0.           0.          31.38191311   0.          56.1138676
   0.           0.           0.           0.           0.
   0.           0.           0.          40.9756178    0.
   0.           0.           0.           0.          23.31581649
   0.           0.           0.           0.           0.
   0.           0.         127.61404006   0.         120.15985733
 121.09771916 133.78452431 134.6601014  131.65491354 139.87900304
 118.67015955 130.14090792 102.17325889 130.18228715 120.53858096
 113.04581473 112.46931831 138.23093085   0.           0.
   0.           0.           0.        ]
15,[  0.           0.          34.80777753  61.22289396  49.91992555
   0.           0.           0.           0.           0.
  30.36859668   0.           0.           0.           0.
  65.54333636   0.           0.           0.           0.
  48.69083456   0.           0.           0.           0.
   0.           0.           0.           0.         139.20072895
 125.52903487 136.08333905 128.1761845  131.57310585 131.18144156
 128.5229187  138.83935333 136.30576083 137.30031247   0.
 126.23431448 133.41812439 136.22409879   0.           0.
   0.           0.           0.        ]
16,[  0.           0.           0.           0.           0.
   0.           0.           0.          55.42962487  25.23912737
  43.84683893   0.           0.           0.           0.
   0.           0.           0.           0.           0.
   0.           0.           0.           0.           0.
   0.           0.         122.75490789   0.          86.83920737
 135.17190906 127.35485785 114.1596941  133.86663746 101.02528127
 140.         137.79445761 139.86173888  97.42494207 103.33680169
  84.48698401 109.33041338 134.50952326 124.45426588   0.
   0.           0.           0.        ]
17,[  0.           0.           0.           0.           0.
   0.           0.           0.          31.74554302   0.
   0.           0.           0.           0.           0.
   0.           0.           0.           0.           0.
   0.           0.           0.           0.           0.
   0.           0.         125.34464675  65.71872698 116.79606883
 118.87062369 118.20905807 107.71660343 136.7752202  139.94732379
 139.34397932 136.04139288 130.44325915 102.02893395  86.06464955
 118.64389251 108.52490952 134.66736523  98.7264442    0.
   0.           0.           0.        ]
18,[  0.          14.54354229  25.25322374   0.           0.
   0.           0.           0.           0.           0.
   0.           0.           0.           0.           0.
   0.           0.           0.           0.           0.
   0.           0.           0.           0.           0.
   0.           0.         119.60366414   0.         136.32722177
 122.04200893 133.07213069 136.82275824 136.17618277 137.3691044
 128.78541404 137.37455095 129.24593103 130.79343168  91.04614835
  84.87675344 138.10625922 123.75007879  97.03804132   0.
   0.           0.           0.        ]
19,[0.00000000e+00 0.00000000e+00 0.00000000e+00 5.88415969e+01
 0.00000000e+00 0.00000000e+00 0.00000000e+00 0.00000000e+00
 0.00000000e+00 0.00000000e+00 2.47964240e+01 0.00000000e+00
 0.00000000e+00 0.00000000e+00 5.00000000e-02 0.00000000e+00
 4.24612607e+01 3.59520396e+01 0.00000000e+00 0.00000000e+00
 0.00000000e+00 0.00000000e+00 0.00000000e+00 0.00000000e+00
 0.00000000e+00 0.00000000e+00 0.00000000e+00 0.00000000e+00
 1.03939052e+02 1.25131199e+02 1.21890878e+02 1.30004624e+02
 1.34683300e+02 1.31580686e+02 1.31874810e+02 1.31888500e+02
 1.38376315e+02 1.32634274e+02 1.05263618e+02 1.18385492e+02
 0.00000000e+00 1.08420455e+02 1.32063374e+02 1.13241099e+02
 0.00000000e+00 0.00000000e+00 0.00000000e+00 0.00000000e+00]
20,[  0.           0.          29.27017523  46.06976259  37.06336224
   0.           0.           0.           0.          22.61145387
  28.87724207   0.           0.           0.           0.
   0.           0.           0.           0.           0.
  39.57798444   0.           0.           0.           0.
   0.           0.           0.           0.          99.65253465
 121.18409149 133.80745724 139.47853488 126.71985336 139.65961824
 139.87626386 134.69318631 135.5063013  108.01230014 132.88028952
  82.45234393  95.7794116  113.97557194  92.97884928   0.
   0.           0.           0.        ]
21,[  0.           0.          39.59658961  75.0475841   42.63649821
   0.           0.           0.          25.96976612   0.
   0.           0.           0.           0.           0.
   0.           0.           0.           0.           0.
   0.           0.           0.           0.           0.
   0.           0.           0.           0.          95.58428854
 110.11030734 135.55771489 134.1715959  133.57788857 140.
 133.43727143 137.62971735 132.72429609 102.38290245 125.17206746
  81.94430881 128.7190767  138.36945922  92.15965565   0.
   0.           0.           0.        ]
22,[  0.           0.           0.           0.           0.
   0.           0.           0.           0.           0.
  53.1496616   20.58079675   0.           0.           0.
   0.           0.           0.           0.           0.
  56.85720583   0.           0.           0.           0.
   0.           0.         128.01158312   0.         123.56172748
 118.63714725 134.84347096 137.0941821  128.19485365 131.21350561
 127.31159022 134.53268446 123.18675858  98.12969221 134.58662923
 131.09680029 118.71289387 128.54454982   0.           0.
   0.           0.           0.        ]
23,[  0.           0.          24.6887409   25.18609354   0.
   0.           0.           0.           0.          39.80374069
   0.           0.           0.           0.           0.
   0.           0.           0.           0.           0.
   0.           0.           0.           0.           0.
   0.           0.           0.         111.22631075 112.76588223
 109.69987776 121.87991819 134.90080892 126.79316908 138.58257744
 140.         120.2655253  138.70191244 137.31408575  86.48767185
  97.98959536 119.43814857 126.08019359 109.43883116   0.
   0.           0.           0.        ]
24,[  0.           0.          31.09835984  31.68402625   0.
   0.           0.           0.           0.           0.
   0.           0.           0.           0.           0.
   0.           0.           0.           0.           0.
   0.           0.           0.           0.           0.
   0.           0.           0.         137.62529629 105.92500892
 124.58955962 120.09449987 138.45365455 130.38495311 139.05054309
 139.20633    121.07300578 136.38908836 122.90822713  98.40219415
 104.75352425  99.85421601 137.95260932  98.39532178   0.
   0.           0.           0.        ]
25,[  0.           0.           0.           0.           0.
   0.           0.          37.82573686   0.           0.
   0.           0.           0.           0.           0.
   0.           0.           0.           0.           0.
   0.           0.           0.           0.           0.
   0.           0.         134.24795513   0.         128.92691605
 131.42788765 122.91228305 137.50057843 138.83169478 139.93375687
 128.96699827 126.8493025  130.67975103 122.37451826 101.07191612
 107.27145871 130.96804383 130.49402726  78.75568651   0.
   0.           0.           0.        ]
26,[  0.           0.          36.65372376  48.03247286  47.72071709
  69.35496145   0.           0.           0.          32.15315656
  40.28622534  45.73287957  27.76794154   0.           0.
   0.           0.           0.           0.          46.90319195
  39.60660575   0.           0.           0.           0.
   0.           0.           0.           0.           0.
 126.82752693 131.62338541 138.63425483 129.64040184 120.71377466
 112.01915345 110.88674642 126.04310042 100.14759301 103.64979926
 119.26422937 111.66804618 134.23328704   0.           0.
   0.           0.           0.        ]
27,[  0.           0.          22.4032889   58.05334334   0.
  67.91455628   0.           0.           0.           0.
   0.           0.           0.           0.           0.
   0.           0.           0.           0.           0.
   0.           0.           0.           0.           0.
   0.           0.           0.         136.74787275   0.
 107.13520109 123.39991854 140.         135.58832523 134.80008842
 139.53586228 136.37758213 138.99165984 111.05804495 113.73686956
 101.57779939 135.06180803 132.4712855   79.52204254   0.
   0.           0.           0.        ]
28,[  0.           0.          40.18187332  34.03476998  46.38153221
   0.           0.           0.          45.16575545   0.
  32.07769665   0.           0.           0.           0.
   0.           0.           0.           0.           0.
   0.           0.           0.           0.           0.
   0.           0.           0.           0.         127.50766896
 118.93268516 123.6624346  137.13175396 133.99256509 121.9420799
 136.79534748 123.91594974 121.1305262  106.24687721 111.00329989
  88.76618788 133.89420371 135.75283081  96.75763477   0.
   0.           0.           0.        ]
29,[  0.           0.          30.58904234  28.74855369  52.60335269
   0.           0.           0.           0.           0.
   0.          36.96865735  22.60738021   0.           0.
   0.           0.          24.69458408   0.           0.
   0.           0.           0.           0.           0.
   0.           0.           0.           0.         123.17542698
 134.9981677  130.9495112  134.30958757 133.54206248 137.11433568
 123.61285494 115.37471501 133.7636668  107.40758041 101.06870603
 102.88504791 101.24601857 124.31648485 113.41871428   0.
   0.           0.           0.        ]
0,[  0.           0.          35.38770414   0.          36.92793079
  71.51368271   0.           0.           0.           0.
  31.96861157   0.           0.           0.           0.
   0.          48.38156184   0.           0.           0.
   0.           0.           0.           0.           0.
   0.           0.         130.93529521   0.           0.
 110.56839556 139.19487935 130.47927323 131.97666027 131.37350692
 139.06609646 124.87576423 135.38237146 126.6151475  103.59763993
   0.         136.57220399 132.60639604 118.32349707   0.
   0.           0.           0.        ]
1,[  0.           0.          29.50232924  28.76442323  48.24518629
   0.          30.7587547    0.           0.           0.
   0.          17.99259731   0.           0.           0.
   0.           0.           0.           0.           0.
   0.           0.           0.           0.           0.
   0.           0.           0.           0.         121.27923113
 138.40630224 138.06492397 132.13430294 132.61201578 127.0895367
 139.74910634 130.59613287 128.84223074 106.19412967 120.32091703
  70.3316469  127.4162497  139.10127677 108.46136728   0.
   0.           0.           0.        ]
2,[  0.           0.          24.9296312   61.09818996  49.90932537
   0.           0.          45.92657911   0.           0.
   0.           0.           0.          26.69586801   0.
   0.           0.           0.           0.           0.
   0.           0.           0.           0.           0.
   0.           0.           0.           0.         128.08969915
 130.99172624 113.47619062 140.         134.85364523 138.63627839
 140.         131.20296399 109.20952055 136.16167005 106.92814558
   0.         121.20736306 133.0908865   84.98163341  53.88381874
   0.           0.           0.        ]
3,[  0.           0.          31.05725258  56.22587185  47.83860934
   0.           0.           0.           0.          18.72426857
   0.           0.           0.           0.           0.
   0.           0.           0.           0.           0.
   0.           0.           0.           0.           0.
   0.           0.           0.           0.         120.47913663
 124.59579908 133.94355215 139.67053496 129.22444756 140.
 123.72977964 136.78637572 134.30195191 115.76760608 116.58175125
 113.60160354 104.76411372 129.99601647  90.20229336   0.
   0.           0.           0.        ]
4,[  0.           0.          28.05963335  33.72047147  42.60592444
   0.           0.           0.          42.19862038   0.
   0.          50.24580195   0.           0.           0.
   0.           0.           0.           0.           0.
   0.           0.           0.           0.           0.
   0.           0.           0.           0.         112.07394239
 119.63811986 137.66830589 120.78026427 139.36037235 138.85860653
 110.0033974  138.77249592 123.84400397 119.81323532 132.70749684
  99.2991963   99.64339128 130.69907126  86.32943372   0.
   0.           0.           0.        ]
5,[  0.           0.           0.           0.          40.78525991
   0.           0.           0.           0.          47.18713913
   0.           0.           0.           0.           0.
   0.           0.           0.           0.           0.
   0.           0.           0.           0.           0.
   0.           0.         124.33762766   0.         134.16112504
 122.63686354 130.99292375 139.71014748 128.15516195 140.
 126.19588066 117.50346101 133.21165578 133.44160093 138.51101416
   0.         121.38795716 131.03745439 129.07678028   0.
   0.           0.           0.        ]
6,[  0.           0.          34.46749237   0.          50.95361467
   0.           0.           0.           0.           0.
  41.65883926   0.           0.           0.           0.
   0.           0.           0.           0.           0.
   0.           0.           0.           0.           0.
   0.           0.          83.08992989   0.         131.23549473
 123.86741919 123.85173168 136.09649712 125.05441564 123.43351386
 140.         120.36428971 135.56067059 129.13292919 104.55670908
  94.17217091 119.53347965 134.38824149  64.75555649   0.
   0.           0.           0.        ]
7,[  0.           0.          26.46049268  41.69491706   0.
   0.           0.           0.           0.           0.
   0.          45.25564428   0.           0.           0.
   0.           0.           0.          29.30104292   0.
   0.           0.           0.           0.           0.
   0.           0.           0.         108.20674164 124.79044678
 137.18773398 127.25625712 118.29706907 136.00435257 140.
 115.74435572 116.45282079 134.46437963  93.21099619 104.87464449
  73.13620047 116.43547861 115.85005628 109.24441907   0.
   0.           0.           0.        ]
8,[0.00000000e+00 0.00000000e+00 3.01127248e+01 0.00000000e+00
 0.00000000e+00 0.00000000e+00 0.00000000e+00 0.00000000e+00
 0.00000000e+00 3.55200985e+01 0.00000000e+00 0.00000000e+00
 0.00000000e+00 0.00000000e+00 0.00000000e+00 0.00000000e+00
 0.00000000e+00 0.00000000e+00 0.00000000e+00 0.00000000e+00
 0.00000000e+00 0.00000000e+00 0.00000000e+00 0.00000000e+00
 0.00000000e+00 0.00000000e+00 0.00000000e+00 1.02156998e+02
 0.00000000e+00 1.24873652e+02 1.36249167e+02 1.31196796e+02
 1.38000763e+02 1.27480887e+02 1.29342101e+02 1.33594754e+02
 1.33920425e+02 1.27196538e+02 9.49280059e+01 1.07446596e+02
 1.23184594e+02 1.27049668e+02 1.33642716e+02 8.43935074e+01
 0.00000000e+00 0.00000000e+00 0.00000000e+00 5.00000000e-02]
9,[  0.           0.          25.29065528  55.92223917  48.72662943
   0.           0.           0.           0.           0.
  43.11271401  47.13452774   0.           0.           0.
   0.           0.           0.           0.           0.
  43.44428971   0.           0.           0.           0.
   0.           0.           0.           0.          96.68042871
 139.22579251 124.8482916  136.68424356 139.26753567 106.27287005
 106.78488418 136.51989691 128.20864673 119.03336356  85.213237
  70.57819895 113.1952713  139.58834619  92.05865281   0.
   0.           0.           0.        ]
10,[  0.           0.          26.53173267  52.55812629  53.54987997
  68.28313457   0.           0.          41.56083555   0.
  40.98283069  29.26165813   0.           0.           0.
   0.          40.40623906   0.           0.           0.
   0.           0.           0.           0.           0.
   0.           0.           0.           0.           0.
 110.67352245 138.909366   123.67454003 138.99271114 125.04971001
 130.90241449 118.94312584 128.83726959 138.8507301  132.40480599
   0.          83.31174133 135.9459384   79.32222326  60.40878914
   0.           0.           0.        ]
11,[  0.           0.          26.88688629  39.51539074  46.80003262
   0.           0.          65.00473553   0.          29.18281083
   0.           0.           0.           0.           0.
   0.           0.           0.           0.           0.
  25.36267678   0.           0.           0.           0.
   0.           0.           0.           0.         110.0735732
 123.04402541 118.88742523 140.         111.2315201  139.00219475
 132.50834927 136.47488378 137.98302902 103.09594754  95.99616497
  72.25635159 124.44378508 130.30909604 101.35866977   0.
   0.           0.           0.        ]
12,[  0.           0.           0.           0.          51.29352164
   0.           0.           0.          18.35158284   0.
   0.           0.           0.           0.           0.
   0.           0.           0.           0.          36.86780252
   0.           0.           0.           0.           0.
   0.           0.         115.91683738   0.         132.18786526
 111.30092963 132.56692207 132.19234607 134.04391999 140.
 139.74153269 137.80005682 128.39609669 119.15744639 134.22785176
 107.54781113 127.20490218 124.21082812   0.           0.
   0.           0.           0.        ]
13,[  0.           0.          29.77350418  48.55843387  41.18981042
   0.           0.           0.           0.          33.11475604
   0.          36.02552479   0.           0.           0.
   0.           0.           0.           0.           0.
   0.           0.           0.           0.           0.
   0.           0.           0.           0.         134.96626787
 103.50692949 139.25929124 123.33710967 111.88524396 139.30177087
 134.61647107 129.81912006 137.54105493 110.59015553 109.50811178
  82.02561835 125.57608194 134.89747781 100.45764003   0.
   0.           0.           0.        ]
14,[  0.           0.          17.46335914  60.70567611  51.99069853
   0.           0.           0.          24.38562688  17.99659678
   0.           0.           0.           0.           0.
   0.          51.62989154   0.           0.           0.
  39.33910339   0.           0.           0.           0.
   0.           0.           0.           0.         109.51997845
 132.49636354 137.08985922 125.21321862 126.76834501 127.8536633
 139.30580172 139.0496772  126.95488629 114.05294054 133.30687084
   0.          99.10855363 137.46839134  90.26338021   0.
   0.           0.           0.        ]
15,[  0.           0.          24.73704337  41.61189179   0.
   0.           0.           0.           0.           0.
   0.           0.           0.           0.           0.
   0.           0.           0.           0.          45.06068165
  38.30723096   0.           0.           0.           0.
   0.           0.           0.         128.20820051 123.06102079
 120.18462573 129.37054498 139.39347386 134.45142909 135.60721024
 140.         132.07134135 126.68453145 110.31379497 103.76856655
  89.85477279 112.73460593 137.67076808   0.           0.
   0.           0.           0.        ]
16,[  0.           0.          28.70116517  27.14873995   0.
   0.           0.           0.           0.           0.
   0.           0.           0.           0.          31.72240667
   0.           0.           0.           0.           0.
   0.           0.           0.           0.           0.
   0.           0.           0.         111.4981512  109.60013699
 121.38425595 127.77653462 136.75113603 132.22780643 134.20333398
 140.         136.44029701 139.47952788  86.72263336 102.61951107
  86.15854165 121.12949776 139.25457622 101.69804551   0.
   0.           0.           0.        ]
17,[  0.           0.           0.          53.05180423   0.
   0.           0.           0.           0.           0.
   0.          30.55611548   0.           0.           0.
   0.           0.           0.           0.           0.
   0.           0.           0.           0.           0.
   0.           0.           0.          75.58572407 122.52526181
 120.82012291 125.63821061 135.68421952 135.68777801 140.
 129.46000493 138.69341762 136.94439592  98.08406448 113.73182949
  99.39224641 120.50410189 132.3997622  100.12322457   0.
   0.           0.           0.        ]
18,[  0.          45.54586655  28.59227713   0.          17.03437224
   0.           0.           0.           0.           0.
   0.           0.           0.           0.           0.
   0.           0.           0.           0.           0.
   0.           0.           0.           0.           0.
   0.           0.         129.66742496   0.         128.35629024
 126.45234035 126.2328013  128.20779393 137.74683812 137.21511856
 139.10036244 139.83878975 130.62773626 101.6476934  113.28968388
   0.         127.09116506 137.0164977  137.07751028   0.
   0.           0.           0.        ]
19,[  0.          23.49753439  26.11042895  48.20756187  37.29734632
   0.           0.           0.           0.           0.
  49.10563722  27.90478059   0.           0.           0.
   0.           0.           0.           0.           0.
  39.26970511   0.           0.           0.           0.
   0.           0.           0.           0.         135.2554175
 109.60855027 130.99395167 124.53832544 135.31933449 110.73631528
 135.34658746 126.54130902 129.51365736 114.96771196 133.87540677
 136.40544502 107.91420799 133.44877096   0.           0.
   0.           0.           0.        ]
20,[  0.           0.          15.67876675  59.11848536  48.9998326
   0.           0.           0.           0.           0.
  29.29923813  64.87218772   0.           0.           0.
   0.           0.          26.76157718   0.           0.
  36.90319891   0.           0.           0.           0.
   0.           0.           0.           0.         114.71211789
 136.66832811 133.02884385 140.         126.2939957  120.46944021
 130.03987842 131.8419569  133.66173213  96.53956356 137.46478264
 108.05066648   0.         135.6162363   86.57899517   0.
   0.           0.           0.        ]
21,[  0.           0.          31.69410009  59.74714591  49.92574911
   0.           0.           0.           0.           0.
  18.59784408  55.12571291   0.           0.           0.
   0.           0.           0.           0.           0.
  14.6030982    0.           0.           0.           0.
   0.           0.           0.           0.         127.83194889
 136.38984393 128.97060971 114.72482565 133.67592667 140.
 106.353733   128.12964792 104.6392929  113.06439243 110.11222215
 118.8947945   97.8491689  128.94429359  90.87354534   0.
   0.           0.           0.        ]
22,[  0.           0.           0.           0.          59.91589923
   0.           0.           0.           0.           0.
   0.          34.98392664   0.           0.           0.
  43.92150482   0.           0.           0.           0.
   0.           0.           0.           0.           0.
   0.           0.         138.27541671   0.         131.18040519
 135.79499347 115.42317677 138.40352472 133.67237481 134.84887151
 128.01738515 121.76014785 124.10076469 129.90365882   0.
 109.21847106  97.5286913  125.36474435 128.0667068    0.
   0.           0.           0.        ]
23,[  0.           0.           0.           0.          48.98081535
   0.           0.           0.           0.          10.13055177
  47.226121     0.           0.           0.           0.
   0.          40.68740284   0.           0.           0.
   0.           0.           0.           0.           0.
   0.           0.         101.33585889   0.          98.60587975
 129.9220056  130.83648271 140.         136.95127773 113.773879
 134.35371513 135.67679314 129.37134078 127.82375605 125.098111
   0.         111.41394313 137.00176323 118.98814968   0.
   0.           0.           0.        ]
24,[  0.           0.          44.51548705  38.26078425   0.
   0.           0.           0.           0.           0.
   0.           0.           0.           0.           0.
   0.           0.           0.           0.           0.
   0.           0.           0.           0.           0.
   0.           0.           0.          93.17547766 136.68083886
 129.87594155 125.88896016 132.70712661 116.10982031 134.36537949
 137.89840263 134.72780493 136.97290758  86.93761572 137.21258317
  94.0317763  112.46391144 134.30759429  93.05728351   0.
   0.           0.           0.        ]
25,[  0.           0.          26.30597573  50.55452933  51.81813236
   0.           0.           0.           0.          16.49054724
  31.16148586   0.           0.           0.           0.
   0.           0.           0.           0.           0.
   0.           0.           0.           0.           0.
   0.           0.           0.           0.         114.96286594
 123.78078096 128.46364203 137.68662168 138.23428443 120.11049635
 132.11641001 128.5384418  131.93538799 131.32619399 110.64266111
  71.7942763  117.68168782 127.0185726  120.84748809   0.
   0.           0.           0.        ]
26,[0.00000000e+00 0.00000000e+00 0.00000000e+00 0.00000000e+00
 4.68823670e+01 0.00000000e+00 0.00000000e+00 0.00000000e+00
 0.00000000e+00 2.72464559e+01 3.12755819e+01 2.68305057e+01
 0.00000000e+00 0.00000000e+00 0.00000000e+00 0.00000000e+00
 0.00000000e+00 0.00000000e+00 0.00000000e+00 0.00000000e+00
 0.00000000e+00 0.00000000e+00 0.00000000e+00 0.00000000e+00
 0.00000000e+00 0.00000000e+00 0.00000000e+00 1.30630660e+02
 0.00000000e+00 1.10841877e+02 1.00130900e+02 1.20743191e+02
 1.30473911e+02 1.17009774e+02 1.29724418e+02 1.40000000e+02
 1.27892359e+02 1.22616986e+02 1.11232208e+02 9.59762787e+01
 1.14658892e+02 1.00961080e+02 1.23981919e+02 1.04820735e+02
 0.00000000e+00 0.00000000e+00 0.00000000e+00 5.00000000e-02]
27,[  0.           0.          31.7661269   24.51118949   0.
   0.           0.           0.          32.64911657   0.
  30.46258464  24.77407894   0.           0.           0.
   0.           0.           0.          22.41766284   0.
   0.           0.           0.           0.           0.
   0.           0.           0.         109.41618799 126.5775631
 124.4158044  122.9605453  117.35088343 133.19188307 140.
 135.15494022 137.99554555 126.9444312  123.99828692   0.
 116.2283634  137.76941104 121.42801004  83.62519209   0.
   0.           0.           0.        ]
28,[  0.           0.          29.09689986   0.           0.
   0.           0.           0.           0.           0.
  29.45599492  36.78667366   0.           0.           0.
   0.           0.           0.           0.           0.
   0.           0.           0.           0.           0.
   0.           0.         117.01988199   0.         118.27682211
 122.26746631 138.2454923  125.86870827 137.53722369 121.9420799
 124.0291151  127.99564195 115.70839067 105.12728005 139.15942087
 116.48567898 113.14615837 115.86005998  85.94706175   0.
   0.           0.           0.        ]
29,[0.00000000e+00 0.00000000e+00 3.60403822e+01 4.64608737e+01
 5.37746693e+01 0.00000000e+00 0.00000000e+00 0.00000000e+00
 0.00000000e+00 0.00000000e+00 2.01680008e+01 3.72478892e+01
 0.00000000e+00 0.00000000e+00 0.00000000e+00 5.00000000e-02
 4.81767748e+01 0.00000000e+00 0.00000000e+00 2.64922016e+01
 3.61505811e+01 0.00000000e+00 0.00000000e+00 0.00000000e+00
 0.00000000e+00 0.00000000e+00 0.00000000e+00 0.00000000e+00
 0.00000000e+00 9.61438992e+01 1.37568684e+02 1.27757050e+02
 1.29811585e+02 1.33542062e+02 1.37114336e+02 1.23612855e+02
 1.32774059e+02 1.28562033e+02 1.22116054e+02 1.10460490e+02
 0.00000000e+00 1.10912615e+02 1.37145039e+02 7.24702277e+01
 0.00000000e+00 0.00000000e+00 0.00000000e+00 0.00000000e+00]
0,[  0.           8.2988654   23.0675934   37.95770512  40.78206529
   0.           0.          23.42673333  36.43986145  35.5399842
   0.           0.           0.           0.           0.
   0.           0.           0.           0.           0.
   0.           0.           0.           0.           0.
   0.           0.           0.           0.         107.81858637
 121.19749624 132.10703868 129.00171026 131.25206384 130.2251446
 139.02579381 130.04202065 137.7576233  127.42884358  75.24615454
 109.74733888 129.95387042 133.56516885  75.75340519   0.
   0.           0.           0.        ]
1,[  0.           0.          25.29299597  52.1806355   48.40023848
   0.           0.           0.          42.69417227   0.
  33.9104633    0.           0.           0.           0.
   0.           0.           0.           0.           0.
   0.           0.           0.           0.           0.
   0.           0.           0.           0.         130.05605656
 113.26085397 134.89087633 113.1107373  131.85396621 125.10736039
 140.         136.6678112  134.56060071 102.48035982 100.21862386
  82.69043413  85.57275274 135.05039764 136.19674759   0.
   0.           0.           0.        ]
2,[  0.           0.          26.8862252    0.          41.17234357
   0.          59.588387     0.           8.22904683   0.
  11.25933908   0.          41.52572971  24.99912733   0.
  27.09949337   0.           0.           0.           0.
   0.           0.           0.           0.           0.
   0.           0.          88.29682898   0.         135.1197178
   0.         139.70960691 140.         130.95018965 140.
 140.          97.47427029 117.33851664 104.88518785  72.50233728
 125.13180572 106.26577754 137.98985744  93.87298779   0.
   0.           0.           0.        ]
3,[  0.           9.84109067   0.          47.23469689   0.
  55.49652178   0.           0.           0.           0.
  33.22012241  37.44094359   0.          29.22243157   0.
   0.           0.           0.           0.           0.
   8.29768631   0.           0.           0.           0.
   0.           0.           0.         121.57007211   0.
 139.72493637 121.51685711 133.10443164 130.35192536 133.23800608
 123.26041607 118.84758545 106.77756843  95.12830793 124.31153984
  94.37788972 100.07814214 136.21104623 113.9132837    0.
   0.           0.           0.        ]
4,[  0.          36.19638393  23.70634281   0.           0.
   0.           0.           0.           0.           0.
   0.          21.90661843   0.           0.           0.
   0.           0.           0.           0.           0.
   0.           0.           0.           0.           0.
   0.           0.         104.38171451   0.          87.23059274
 131.20944714 131.61589805 140.         139.64669467 140.
 123.66757332 138.90484794 124.69217529 103.17524367 120.25897751
  76.34033264 138.16366027 128.45605532 105.18230841   0.
   0.           0.           0.        ]
5,[  0.           0.          24.68403363  34.06425778   0.
   0.           0.           0.           0.           0.
   0.           0.           0.           0.           0.
   0.           0.           0.           0.           0.
   0.           0.           0.           0.           0.
   0.           0.           0.          91.08430694 121.80928858
 136.49165538 134.80424239 132.71181171 135.84614845 136.12691666
 138.89460644 134.94089719 138.0444447   87.66897975  92.17939397
 104.93567633 127.38433085 127.31749821 117.29282401   0.
   0.           0.           0.        ]
6,[  0.           0.          28.7972495    0.           0.
   0.           0.           0.           0.           0.
   0.           0.           0.           0.           0.
   0.           0.           0.           0.           0.
  44.19847446   0.           0.           0.           0.
   0.           0.         113.91997472  94.54869331 135.89728185
 132.6057162  126.28993399 127.44972162 127.45836111 139.81849609
 139.81113317 135.13942247 133.70902183 106.97696429 121.41529282
   0.         108.03253491 133.4233655   71.51169784   0.
   0.           0.           0.        ]
7,[  0.           0.           0.           0.          34.0393914
   0.           0.           0.           0.           0.
   0.           0.          38.27617439   0.           0.
   0.           0.           0.           0.           0.
   0.           0.           0.           0.           0.
   0.           0.         121.746099     0.         120.89350504
 133.0114175  131.55034972 124.65022437 134.62353482 140.
 137.09357738 102.11661726 126.91997066 139.42857275 134.47371783
 100.98789396  87.85435515 130.13712063  85.93223968   0.
   0.           0.           0.        ]
8,[  0.           0.           0.           0.          28.47104099
   0.           0.           0.           0.          34.20136554
   0.          41.37403259   0.           0.           0.
   0.           0.           0.           0.           0.
   0.           0.           0.           0.           0.
   0.           0.         116.88206791   0.         123.55174237
 107.08075735 131.59426285 140.         109.47990154 140.
 131.08987031 139.4101747  131.46527302 114.14272969 105.64039585
  91.1530751   79.63929682 125.47619751 125.18953329   0.
   0.           0.           0.        ]
9,[  0.           0.           0.           0.          44.41541045
   0.           0.           0.           0.           0.
  38.74194898   0.          26.74022387   0.           0.
   0.           0.           0.           0.           0.
   0.           0.           0.           0.           0.
   0.           0.          92.43194502   0.         103.50563078
 106.87578018 135.33159464 137.31433241 137.67856153 122.25805102
 140.         111.24151966 134.30504689 111.33761365 125.84537235
  87.35618701 104.11281083 128.46830663 119.30678496   0.
   0.           0.           0.        ]
10,[  0.           0.          29.16534593  61.13264392  37.8785304
   0.           0.          25.83070328   0.           0.
  30.70473691  21.68924502   0.          35.71765123  33.7702228
   0.          41.25184536   0.           0.           0.
   0.           0.           0.           0.           0.
   0.           0.           0.           0.         125.45956451
 117.52186191 130.87888426 140.         125.94756365 130.29526309
 139.31075498 115.97158608 100.28234877  74.31202279 103.7724737
   0.         128.86840309 124.38714792  79.74273312  55.57486122
   0.           0.           0.        ]
11,[  0.           0.          31.40200736  46.4631963   46.4193143
   0.           0.           0.          23.86876209  16.2356824
   0.           0.           0.           0.           0.
   0.           0.           0.           0.           0.
   0.           0.           0.           0.           0.
   0.           0.           0.           0.         120.75922955
 122.41396527 126.49856861 125.61925442 124.96657223 138.88317675
 140.         134.56130522 137.18757418 128.40040328 137.02741275
 102.28666758 106.07979461 130.30909604  70.81776748   0.
   0.           0.           0.        ]
12,[  0.           0.          25.11583822   0.          39.89831015
   0.           0.           0.           0.          47.06118773
   0.           0.           0.           0.           0.
  49.26982727   0.           0.           0.           0.
  51.64782782   0.           0.           0.           0.
   0.           0.         124.18896619   0.         132.37334452
 110.20676664 132.87564678 133.79284862 100.59692716 140.
 128.98007337 134.94199268 128.0329399  129.10239798   0.
  92.37827684 106.17169058 130.80560455  81.96263969   0.
   0.           0.           0.        ]
13,[  0.          12.65530322  28.9087665   39.87371257  46.19047193
   0.           0.          53.89188884  26.66289033   0.
  21.69822913  39.91287072   0.          24.20485282   0.
   0.           0.           0.           0.           0.
   0.           0.           0.           0.           0.
   0.           0.           0.           0.          98.24204148
  99.09766749 109.18773581 123.33710967 129.05972759 139.30177087
 134.1531732  128.9302113  110.57619041 120.49645575 111.63353993
  59.69862673 101.64587616 123.18877937  60.89331272  59.50798395
   0.           0.           0.        ]
14,[  0.          12.62620286   0.          40.79619189  52.35049794
   0.           0.           0.           0.           0.
  20.0064973   43.17840761  27.87016695   0.           0.
   0.           0.           0.           0.           0.
  43.24380839   0.           0.           0.           0.
   0.           0.           0.           0.         127.38310692
 135.49437002 127.78985805 135.00550439 124.22921991 140.
 128.85780888 111.12983305 120.33540167 132.89548496  98.97838861
  62.32150497  91.42530005 127.73527971 105.19109987   0.
   0.           0.           0.        ]
15,[  0.           0.          31.31684956  52.92255      0.
   0.           0.           0.           0.           0.
   0.          27.74800195   0.           0.          56.41411698
   0.           0.           0.           0.           0.
   0.           0.           0.           0.           0.
   0.           0.           0.          98.48143298 121.41544701
 104.50427014 137.12333737 135.37831012 135.98418843 137.22565356
 140.         132.41845813 129.07872568   0.          99.36372107
 126.46309938 118.45199908 136.22409879  90.45029215   0.
   0.           0.           0.        ]
16,[0.00000000e+00 0.00000000e+00 2.87681579e+01 4.40805480e+01
 0.00000000e+00 0.00000000e+00 0.00000000e+00 0.00000000e+00
 0.00000000e+00 1.60987432e+01 0.00000000e+00 0.00000000e+00
 0.00000000e+00 5.00000000e-02 0.00000000e+00 0.00000000e+00
 0.00000000e+00 0.00000000e+00 0.00000000e+00 0.00000000e+00
 0.00000000e+00 0.00000000e+00 0.00000000e+00 0.00000000e+00
 0.00000000e+00 0.00000000e+00 0.00000000e+00 0.00000000e+00
 1.16756229e+02 1.32971327e+02 1.06148747e+02 1.37466226e+02
 1.36223076e+02 1.24526352e+02 1.26432166e+02 1.40000000e+02
 1.22467464e+02 1.36317107e+02 1.06540948e+02 1.16011642e+02
 1.12211172e+02 9.31714769e+01 1.32864861e+02 8.42003305e+01
 0.00000000e+00 0.00000000e+00 0.00000000e+00 0.00000000e+00]
17,[  0.           0.           0.          66.21487195  61.755428
   0.           0.           0.          28.16971305  36.02472135
   0.           0.           0.           0.           0.
   0.           0.           0.           0.           0.
   0.           0.           0.           0.           0.
   0.           0.           0.           0.         104.81733815
  98.48859341 132.61189327 124.47520856 138.16295732 140.
 139.88345407 131.05745335 136.17849801 100.35763905 117.28638439
 121.69532623 108.04494805 125.23749436  98.96165855   0.
   0.           0.           0.        ]
18,[  0.          15.76813027  26.03505954   0.          45.88359591
  43.39367314   0.          30.2342871    0.           0.
   0.          49.62193441   0.           0.           0.
   0.           0.           0.           0.           0.
   0.           0.           0.           0.           0.
   0.           0.         121.94642771   0.           0.
 138.29367539 105.93168323 136.04182336 123.47991273 129.56712442
 137.15505636 123.99305497 126.98993576  97.53370525  85.07176763
 118.28805279 131.95193185 114.75883511 119.98090119   0.
   0.           0.           0.        ]
19,[  0.           0.          27.47911563  45.76782584  47.13053907
   0.           0.           0.           0.          33.15648812
   0.          46.50818829   0.           0.           0.
   0.           0.           0.           0.           0.
   0.           0.           0.           0.           0.
   0.           0.           0.           0.         133.99313815
 120.43222515 127.55870077 136.82809408 119.57939602 132.68356803
 123.20024545 124.80423746 120.69654069  95.82880182  95.92103454
  96.24814387 105.17995001 122.53818176  99.41467511  47.76479777
   0.           0.           0.        ]
20,[  0.          20.63395908   0.           0.          36.69216623
   0.           0.          22.55200578   0.          22.59718889
  28.06000165   0.           0.           0.           0.
   0.          22.96309713   0.           0.           0.
  48.12861615   0.           0.           0.           0.
   0.           0.         105.75608495   0.         107.50964748
 120.71548281 115.70422281 138.2362719  122.40281111 140.
 137.37810245 123.91830628 126.14831636 128.59156708 109.35494607
   0.         110.28468633 129.15734724  93.84195083   0.
   0.           0.           0.        ]
21,[  0.           0.          27.24597034  33.78407683  59.03612448
   0.           0.           0.           0.           0.
  20.2000929   53.55735991   0.           0.           0.
   0.           0.           0.           0.           0.
   0.           0.           0.           0.           0.
   0.           0.           0.           0.         136.3914722
 120.35494872 138.15560342 112.58833747 133.67592667 140.
 136.53951621 128.12964792 118.60012111 121.23984166 113.16001195
 121.038278   102.83469139 123.3240372   76.7127129    0.
   0.           0.           0.        ]
22,[  0.           0.          46.68069073  44.94674883  56.5254644
   0.           0.          22.6073385    0.          37.01223959
   0.           0.          14.49254926  43.94668884   0.
   0.           0.           0.           0.           0.
  41.18506751   0.           0.           0.           0.
   0.           0.           0.           0.         136.41129529
 106.58125332 116.3926615  132.52493865 122.40644549 123.28507482
 128.92874952 123.47710659  91.63281787  90.04242255 117.74873384
  64.18326471 122.09909471 136.23719863  85.16801704   0.
   0.           0.           0.        ]
23,[  0.           0.          15.55135488  41.11172701   0.
   0.           0.           0.           0.           0.
   0.           0.           0.           0.           0.
   0.           0.           0.           0.           0.
   0.           0.           0.           0.           0.
   0.           0.           0.         137.88365415 135.09724892
 127.21696344 119.76123449 138.70970063 131.84362599 140.
 140.         133.38391556 114.17289891  99.90205219 104.28232667
  77.20129104 110.08332126 134.15871211 121.20536021   0.
   0.           0.           0.        ]
24,[  0.           0.          26.85788952  57.38467929   0.
   0.           0.           0.          10.80752664   0.
   0.           0.          24.60755358   0.           0.
   0.           0.           0.           0.           0.
   0.           0.           0.           0.           0.
   0.           0.           0.          51.01343155 132.57200947
 122.64794801 130.42904344 133.95545532 139.03167593 133.98989202
 137.04131085 121.16613538 122.84826968 138.86558208  88.73223584
 100.55740272 101.58386221 126.14361204 113.02878044   0.
   0.           0.           0.        ]
25,[  0.           0.           0.           0.          46.00393779
   0.           0.           0.           0.           0.
   0.          19.35355193  43.40825277   0.           0.
   0.           0.           0.           0.           0.
   0.           0.           0.           0.           0.
   0.           0.         132.33565657   0.         111.23599242
 125.09743836 129.81091067 131.05785885 124.24438715 138.36301481
 140.         102.82017188 121.84893338  73.92648335 138.65608775
  86.8316277  105.8878923  131.01247843 118.82253839   0.
   0.           0.           0.        ]
26,[  0.           0.           0.           0.          55.34285892
   0.           0.           0.           0.           0.
   0.           0.           0.           0.           0.
   0.           0.           0.           0.           0.
  32.45746108   0.           0.           0.           0.
   0.           0.         118.5922233    0.         110.18072371
 127.09724179 131.13435773 140.         134.52711809 132.73095384
 139.76032793 137.39013052 123.68510167  87.17852613  94.31917835
  92.89506766 125.07107114 120.5184501  108.72113198   0.
   0.           0.           0.        ]
27,[  0.           0.           0.          57.46487935  56.40413276
   0.          54.13268638   0.           0.           0.
  39.40294109   0.           0.          33.94583963   0.
   0.           0.           0.           0.           0.
   0.           0.           0.           0.           0.
   0.           0.           0.           0.          87.85811457
 107.08446016 139.3990078  128.8425613  128.72576058 140.
 139.15103555 136.58197025 102.05416037  97.75305848 100.20569893
 116.90737623 116.81331839 123.86484885 106.17754263   0.
   0.           0.           0.        ]
28,[  0.           0.           0.          56.54767787  54.28739576
   0.           0.           0.          23.41245237   0.
  24.24144677  29.79862815   0.           0.           0.
   0.           0.           0.           0.           0.
   0.           0.           0.           0.           0.
   0.           0.           0.           0.         130.33523931
 130.61486876 122.19320334 126.44886556 108.56239605 136.75855323
 130.51285504 130.40179157 138.87938764  95.50544699 108.00854615
  95.21601098 121.44878747 123.52019123 124.56743714   0.
   0.           0.           0.        ]
29,[  0.           0.          22.48231225   0.           0.
  60.04705854   0.           0.          46.41624487   0.
   0.           0.           0.           0.           0.
   0.           0.           0.           0.           0.
   0.           0.           0.           0.           0.
   0.           0.         103.90451831  79.85078393   0.
 139.35334025 133.15786683 109.56204821 130.47897029 136.42451088
 130.97268305 133.04139695 116.28601538 121.99096611 119.75775612
  78.63611289 105.41104357 137.34882028 109.36564149   0.
   0.           0.           0.        ]
