0,[5.00000000e-02 1.55772186e+01 2.23464371e+01 2.80284208e+01
 5.16218110e+01 0.00000000e+00 5.53914485e+00 3.08969950e+01
 3.17895761e+01 0.00000000e+00 3.45000067e+01 2.83781423e+01
 0.00000000e+00 7.14783771e+00 0.00000000e+00 0.00000000e+00
 4.79207002e+01 0.00000000e+00 0.00000000e+00 0.00000000e+00
 1.92868905e+01 5.00000000e-02 5.00000000e-02 0.00000000e+00
 0.00000000e+00 0.00000000e+00 0.00000000e+00 0.00000000e+00
 0.00000000e+00 9.74069817e+01 1.33430825e+02 1.38999904e+02
 1.21702000e+02 1.24627326e+02 1.23419445e+02 1.34223254e+02
 1.15799707e+02 1.39842611e+02 9.08926410e+01 1.07704863e+02
 0.00000000e+00 1.16658050e+02 1.27857224e+02 1.14449827e+02
 0.00000000e+00 0.00000000e+00 0.00000000e+00 5.00000000e-02]
1,[5.00000000e-02 5.00000000e-02 1.91085167e+01 0.00000000e+00
 5.30510076e+01 0.00000000e+00 0.00000000e+00 0.00000000e+00
 5.00000000e-02 5.00000000e-02 3.20619386e+01 5.21821583e+00
 3.42317312e+01 0.00000000e+00 0.00000000e+00 0.00000000e+00
 0.00000000e+00 0.00000000e+00 0.00000000e+00 0.00000000e+00
 5.00000000e-02 5.00000000e-02 5.00000000e-02 0.00000000e+00
 0.00000000e+00 0.00000000e+00 0.00000000e+00 1.21314390e+02
 0.00000000e+00 1.09807179e+02 1.27190733e+02 1.30535828e+02
 1.18705426e+02 1.36076090e+02 1.30493822e+02 1.36127870e+02
 9.86399054e+01 1.21404960e+02 9.23235140e+01 1.04287190e+02
 7.11402504e+01 1.29122570e+02 1.30708859e+02 1.16045584e+02
 0.00000000e+00 0.00000000e+00 0.00000000e+00 5.00000000e-02]
2,[5.00000000e-02 2.37113031e+01 2.32530970e+01 4.34736678e+01
 4.25710960e+01 0.00000000e+00 0.00000000e+00 0.00000000e+00
 2.96311576e+01 3.20551327e+01 5.31195665e+01 2.91401316e+01
 0.00000000e+00 0.00000000e+00 0.00000000e+00 0.00000000e+00
 6.84066806e+01 0.00000000e+00 0.00000000e+00 3.82480714e+01
 5.30090374e+01 5.00000000e-02 5.00000000e-02 0.00000000e+00
 0.00000000e+00 0.00000000e+00 0.00000000e+00 0.00000000e+00
 0.00000000e+00 9.64713488e+01 1.29023100e+02 1.23258577e+02
 1.16693277e+02 1.25659093e+02 1.23044506e+02 1.40000000e+02
 1.28161629e+02 1.21079762e+02 1.26232275e+02 8.85165600e+01
 0.00000000e+00 1.30185022e+02 1.23437369e+02 0.00000000e+00
 0.00000000e+00 0.00000000e+00 0.00000000e+00 5.00000000e-02]
3,[5.00000000e-02 1.10736525e+01 2.87115120e+01 4.17726832e+01
 0.00000000e+00 3.41851532e+01 0.00000000e+00 0.00000000e+00
 4.68196382e+01 1.30178904e+01 1.64617547e+01 3.39399210e+01
 0.00000000e+00 0.00000000e+00 0.00000000e+00 0.00000000e+00
 0.00000000e+00 0.00000000e+00 8.10387741e+00 6.73399458e+01
 2.00369198e+01 5.00000000e-02 5.00000000e-02 0.00000000e+00
 0.00000000e+00 0.00000000e+00 0.00000000e+00 0.00000000e+00
 1.17280125e+02 0.00000000e+00 1.19928770e+02 1.27296983e+02
 1.00206278e+02 1.31982110e+02 1.40000000e+02 1.19829899e+02
 1.29850616e+02 1.30672220e+02 9.96571805e+01 1.25585074e+02
 1.21764581e+02 9.15692894e+01 1.31313943e+02 0.00000000e+00
 0.00000000e+00 0.00000000e+00 0.00000000e+00 5.00000000e-02]
4,[5.00000000e-02 2.22877849e+01 1.76656555e+01 4.66837294e+01
 0.00000000e+00 0.00000000e+00 2.89792116e+01 0.00000000e+00
 5.00000000e-02 7.88527997e+00 3.65810104e+01 2.23932820e+01
 5.00000000e-02 0.00000000e+00 0.00000000e+00 0.00000000e+00
 0.00000000e+00 0.00000000e+00 0.00000000e+00 0.00000000e+00
 4.20241082e+01 5.00000000e-02 5.00000000e-02 0.00000000e+00
 0.00000000e+00 0.00000000e+00 0.00000000e+00 0.00000000e+00
 1.21148306e+02 1.26659762e+02 0.00000000e+00 1.24146923e+02
 1.39860368e+02 1.39365847e+02 1.39135774e+02 1.40000000e+02
 1.32347443e+02 1.02832961e+02 9.77120736e+01 1.10402182e+02
 1.06621724e+02 8.47494996e+01 1.19997894e+02 1.09001151e+02
 0.00000000e+00 0.00000000e+00 0.00000000e+00 5.00000000e-02]
5,[5.00000000e-02 1.94682729e+01 3.07336990e+01 3.88900003e+01
 4.62175494e+01 0.00000000e+00 0.00000000e+00 5.00000000e-02
 1.61470097e+01 0.00000000e+00 3.74046000e+01 5.66829335e+01
 0.00000000e+00 0.00000000e+00 0.00000000e+00 0.00000000e+00
 0.00000000e+00 0.00000000e+00 2.01768009e+01 5.00000000e-02
 4.71996112e+01 5.00000000e-02 5.00000000e-02 0.00000000e+00
 0.00000000e+00 0.00000000e+00 0.00000000e+00 0.00000000e+00
 0.00000000e+00 1.03556988e+02 1.16142704e+02 1.33921131e+02
 1.36277321e+02 1.28547868e+02 1.20788906e+02 1.19512655e+02
 1.18458274e+02 1.28123904e+02 1.05198340e+02 1.25530895e+02
 1.21387531e+02 1.01608426e+02 1.36423679e+02 0.00000000e+00
 0.00000000e+00 0.00000000e+00 0.00000000e+00 5.00000000e-02]
6,[5.00000000e-02 1.49388337e+01 1.22149946e+01 0.00000000e+00
 4.95550076e+01 0.00000000e+00 0.00000000e+00 0.00000000e+00
 1.48788634e+01 3.20997446e+01 3.08045635e+01 1.84473177e+01
 0.00000000e+00 0.00000000e+00 0.00000000e+00 0.00000000e+00
 6.47395363e+01 0.00000000e+00 0.00000000e+00 4.51095205e+01
 0.00000000e+00 5.00000000e-02 5.00000000e-02 0.00000000e+00
 0.00000000e+00 0.00000000e+00 0.00000000e+00 1.29274901e+02
 0.00000000e+00 1.17102150e+02 1.25057379e+02 1.28526203e+02
 1.32238976e+02 1.09881517e+02 1.39857469e+02 1.36029137e+02
 1.13093384e+02 1.30773492e+02 1.08886285e+02 8.29282705e+01
 0.00000000e+00 9.29888285e+01 1.17581593e+02 0.00000000e+00
 6.07525173e+01 0.00000000e+00 0.00000000e+00 3.38791765e-02]
7,[3.68106817e-02 3.33928149e+01 2.83068712e+01 5.49708060e+01
 5.39728533e+01 0.00000000e+00 0.00000000e+00 0.00000000e+00
 5.00000000e-02 1.79812651e+01 1.84920740e+01 2.16650084e+01
 0.00000000e+00 0.00000000e+00 0.00000000e+00 0.00000000e+00
 2.37640066e+01 0.00000000e+00 0.00000000e+00 0.00000000e+00
 4.60089245e+01 5.00000000e-02 5.00000000e-02 0.00000000e+00
 0.00000000e+00 0.00000000e+00 0.00000000e+00 0.00000000e+00
 0.00000000e+00 1.22806990e+02 1.29652440e+02 1.12929833e+02
 1.36429900e+02 1.34232580e+02 1.24514217e+02 1.38718407e+02
 1.27138463e+02 1.27223648e+02 1.18801458e+02 9.08558335e+01
 0.00000000e+00 1.14105283e+02 1.30672201e+02 1.00477285e+02
 0.00000000e+00 0.00000000e+00 0.00000000e+00 5.00000000e-02]
8,[5.00000000e-02 1.52972777e+01 5.37622977e+00 0.00000000e+00
 4.11591406e+01 0.00000000e+00 0.00000000e+00 0.00000000e+00
 0.00000000e+00 0.00000000e+00 3.34585490e+01 2.94211830e+01
 0.00000000e+00 0.00000000e+00 0.00000000e+00 0.00000000e+00
 3.35333716e+01 0.00000000e+00 5.00000000e-02 0.00000000e+00
 5.00000000e-02 5.00000000e-02 5.00000000e-02 0.00000000e+00
 0.00000000e+00 0.00000000e+00 0.00000000e+00 1.22183244e+02
 0.00000000e+00 1.30501116e+02 1.30687328e+02 1.16090120e+02
 1.25246789e+02 1.26876422e+02 1.18366410e+02 1.37411126e+02
 1.15049689e+02 1.27993031e+02 1.21250247e+02 1.21363032e+02
 0.00000000e+00 1.12575067e+02 1.36429540e+02 1.25903359e+02
 0.00000000e+00 0.00000000e+00 0.00000000e+00 5.00000000e-02]
9,[5.00000000e-02 1.42319682e+01 2.25026453e+01 0.00000000e+00
 6.10058697e+01 0.00000000e+00 0.00000000e+00 0.00000000e+00
 2.57726512e+01 2.32819697e+01 2.47498699e+01 0.00000000e+00
 0.00000000e+00 0.00000000e+00 0.00000000e+00 6.40019078e+01
 0.00000000e+00 0.00000000e+00 0.00000000e+00 5.37768355e+01
 5.78358026e+01 4.41713315e-02 5.00000000e-02 0.00000000e+00
 0.00000000e+00 0.00000000e+00 0.00000000e+00 1.11286932e+02
 0.00000000e+00 1.11102717e+02 1.14249300e+02 1.23983401e+02
 1.33265636e+02 1.37168925e+02 1.29363822e+02 1.27375902e+02
 1.25044053e+02 1.25528835e+02 8.97256883e+01 0.00000000e+00
 1.15917347e+02 9.88331696e+01 1.18307367e+02 0.00000000e+00
 0.00000000e+00 0.00000000e+00 0.00000000e+00 5.00000000e-02]
10,[5.00000000e-02 9.52332551e+00 1.79785993e+01 0.00000000e+00
 0.00000000e+00 0.00000000e+00 0.00000000e+00 0.00000000e+00
 5.00000000e-02 0.00000000e+00 4.08759468e+01 3.31923772e+01
 0.00000000e+00 0.00000000e+00 0.00000000e+00 0.00000000e+00
 2.54202645e+01 0.00000000e+00 0.00000000e+00 0.00000000e+00
 1.44042862e+01 5.00000000e-02 5.00000000e-02 0.00000000e+00
 0.00000000e+00 0.00000000e+00 0.00000000e+00 1.14044903e+02
 1.14092957e+02 7.87564130e+01 1.07161989e+02 1.12865840e+02
 1.36981087e+02 1.27183425e+02 1.23544608e+02 1.25921808e+02
 1.27282078e+02 1.24801784e+02 1.13830440e+02 1.05614276e+02
 0.00000000e+00 1.11130575e+02 1.28769886e+02 1.22224290e+02
 0.00000000e+00 0.00000000e+00 0.00000000e+00 1.55396228e-03]
11,[5.00000000e-02 6.06737450e+01 2.88464698e+01 4.37455157e+01
 5.53433691e+01 3.39270663e+01 0.00000000e+00 0.00000000e+00
 4.37090468e+01 1.07274631e+01 3.58980596e+01 3.30804566e+01
 0.00000000e+00 0.00000000e+00 0.00000000e+00 5.00000000e-02
 0.00000000e+00 3.91747000e+01 0.00000000e+00 0.00000000e+00
 3.98813572e+01 5.00000000e-02 5.00000000e-02 0.00000000e+00
 0.00000000e+00 0.00000000e+00 0.00000000e+00 0.00000000e+00
 0.00000000e+00 0.00000000e+00 1.06520635e+02 1.09769558e+02
 1.32296708e+02 1.36487173e+02 1.27403737e+02 1.26548870e+02
 1.28732396e+02 1.27746946e+02 1.18812297e+02 1.31835536e+02
 1.03795808e+02 0.00000000e+00 1.30792432e+02 1.08470120e+02
 0.00000000e+00 0.00000000e+00 0.00000000e+00 5.00000000e-02]
12,[5.00000000e-02 5.00000000e-02 2.39254718e+01 0.00000000e+00
 4.22054511e+01 0.00000000e+00 0.00000000e+00 0.00000000e+00
 5.54231544e+01 0.00000000e+00 3.03886846e+01 0.00000000e+00
 0.00000000e+00 0.00000000e+00 0.00000000e+00 0.00000000e+00
 0.00000000e+00 0.00000000e+00 0.00000000e+00 4.28563895e+01
 3.95585279e+01 5.00000000e-02 5.00000000e-02 0.00000000e+00
 0.00000000e+00 0.00000000e+00 0.00000000e+00 1.18577179e+02
 0.00000000e+00 1.30040818e+02 1.25146602e+02 1.28803871e+02
 9.65989050e+01 1.24832437e+02 1.40000000e+02 1.11034065e+02
 1.17183921e+02 1.19364743e+02 1.06966473e+02 1.19804307e+02
 1.26863808e+02 1.00185867e+02 1.21434945e+02 0.00000000e+00
 0.00000000e+00 0.00000000e+00 0.00000000e+00 5.00000000e-02]
13,[5.00000000e-02 5.00000000e-02 2.75974141e+01 5.07925563e+01
 3.88404892e+01 0.00000000e+00 0.00000000e+00 0.00000000e+00
 5.48980883e+01 4.45496027e+01 2.29374582e+01 4.79656583e+01
 0.00000000e+00 5.00000000e-02 0.00000000e+00 6.11352785e+01
 4.39747501e+01 0.00000000e+00 0.00000000e+00 0.00000000e+00
 4.73138171e+01 5.00000000e-02 5.00000000e-02 0.00000000e+00
 0.00000000e+00 0.00000000e+00 0.00000000e+00 0.00000000e+00
 0.00000000e+00 7.84485511e+01 1.22209453e+02 1.23846857e+02
 1.14743427e+02 1.31402682e+02 1.36800958e+02 1.33947956e+02
 1.29683134e+02 1.36173243e+02 1.21408099e+02 0.00000000e+00
 0.00000000e+00 1.25782675e+02 1.30602248e+02 8.08503242e+01
 0.00000000e+00 0.00000000e+00 0.00000000e+00 5.00000000e-02]
14,[5.00000000e-02 1.29952572e+01 1.95888341e+01 0.00000000e+00
 0.00000000e+00 5.37459934e+01 0.00000000e+00 0.00000000e+00
 3.02305877e+01 2.93559036e+01 5.49143283e+00 4.47501552e+01
 0.00000000e+00 0.00000000e+00 0.00000000e+00 0.00000000e+00
 4.24893223e+01 0.00000000e+00 3.48196575e+01 0.00000000e+00
 3.03713683e+01 5.00000000e-02 5.00000000e-02 0.00000000e+00
 0.00000000e+00 0.00000000e+00 0.00000000e+00 1.09470576e+02
 9.52360834e+01 0.00000000e+00 9.89038906e+01 1.25461096e+02
 1.19769412e+02 1.15644096e+02 1.40000000e+02 1.37068077e+02
 1.21646109e+02 1.20431467e+02 9.50749733e+01 1.07178851e+02
 0.00000000e+00 1.27038153e+02 1.13455025e+02 7.80165904e+01
 0.00000000e+00 0.00000000e+00 0.00000000e+00 5.00000000e-02]
15,[5.00000000e-02 2.12196639e+01 2.67624895e+01 0.00000000e+00
 1.74756670e+01 3.44008248e+01 0.00000000e+00 0.00000000e+00
 6.24512490e+01 3.44249672e+01 3.30375394e+01 3.77663385e+01
 3.08186856e+01 0.00000000e+00 3.04434162e+01 0.00000000e+00
 0.00000000e+00 0.00000000e+00 0.00000000e+00 0.00000000e+00
 2.76480742e+01 5.00000000e-02 5.00000000e-02 0.00000000e+00
 0.00000000e+00 0.00000000e+00 0.00000000e+00 1.27355560e+02
 0.00000000e+00 0.00000000e+00 1.18462016e+02 1.28234357e+02
 1.35239922e+02 1.07901808e+02 1.32221179e+02 1.34346473e+02
 1.09019401e+02 1.24034432e+02 0.00000000e+00 9.38008044e+01
 1.19020954e+02 8.87855854e+01 1.20886776e+02 1.26345103e+02
 0.00000000e+00 0.00000000e+00 0.00000000e+00 5.00000000e-02]
16,[5.00000000e-02 1.70853731e+01 3.73543639e+01 0.00000000e+00
 3.61611702e+01 0.00000000e+00 0.00000000e+00 5.00000000e-02
 2.75807032e+01 5.00000000e-02 0.00000000e+00 2.11735282e+01
 0.00000000e+00 0.00000000e+00 0.00000000e+00 5.00000000e-02
 5.14673778e+01 5.24868055e+01 3.73510890e+01 0.00000000e+00
 2.94689864e+01 5.00000000e-02 5.00000000e-02 0.00000000e+00
 0.00000000e+00 0.00000000e+00 0.00000000e+00 1.26587506e+02
 0.00000000e+00 7.73512579e+01 1.29755133e+02 1.39941070e+02
 1.15079935e+02 1.34902210e+02 1.15691347e+02 1.40000000e+02
 1.25384304e+02 1.25579033e+02 1.23416945e+02 1.32649144e+02
 0.00000000e+00 0.00000000e+00 1.04504424e+02 1.15473362e+02
 0.00000000e+00 0.00000000e+00 0.00000000e+00 5.00000000e-02]
17,[5.00000000e-02 1.07885227e+01 3.05322801e+01 0.00000000e+00
 2.95911752e+01 6.78902885e+01 0.00000000e+00 5.00000000e-02
 3.09580041e+01 0.00000000e+00 3.97770094e+01 4.12959357e+01
 0.00000000e+00 0.00000000e+00 0.00000000e+00 0.00000000e+00
 4.75142877e+01 0.00000000e+00 0.00000000e+00 0.00000000e+00
 4.50751727e+01 5.00000000e-02 5.00000000e-02 0.00000000e+00
 0.00000000e+00 0.00000000e+00 0.00000000e+00 9.81920839e+01
 0.00000000e+00 0.00000000e+00 1.18582546e+02 1.35828696e+02
 1.39542454e+02 1.19870990e+02 1.24354520e+02 1.37519069e+02
 1.26198835e+02 1.18318950e+02 1.11635703e+02 9.89282894e+01
 0.00000000e+00 1.07861319e+02 1.28988202e+02 9.41758911e+01
 0.00000000e+00 0.00000000e+00 0.00000000e+00 5.00000000e-02]
18,[5.00000000e-02 1.23987460e+01 1.59595659e+01 3.41187118e+01
 0.00000000e+00 5.00000000e-02 0.00000000e+00 0.00000000e+00
 2.64153493e+01 0.00000000e+00 1.83819844e+01 6.52441218e+00
 0.00000000e+00 0.00000000e+00 0.00000000e+00 0.00000000e+00
 0.00000000e+00 0.00000000e+00 0.00000000e+00 0.00000000e+00
 5.00000000e-02 5.00000000e-02 2.71194986e-02 0.00000000e+00
 0.00000000e+00 0.00000000e+00 0.00000000e+00 0.00000000e+00
 1.24885619e+02 1.38918544e+02 1.13848808e+02 1.10982424e+02
 9.31674112e+01 1.26455750e+02 1.39975025e+02 1.40000000e+02
 1.28426261e+02 1.26000469e+02 1.21920019e+02 9.34678642e+01
 1.25702139e+02 9.87825499e+01 1.29389069e+02 9.50207099e+01
 0.00000000e+00 0.00000000e+00 0.00000000e+00 5.00000000e-02]
19,[1.20766270e-02 1.43215958e+01 0.00000000e+00 0.00000000e+00
 4.08047391e+01 0.00000000e+00 0.00000000e+00 0.00000000e+00
 0.00000000e+00 2.07058860e+01 0.00000000e+00 0.00000000e+00
 0.00000000e+00 2.51454541e+01 0.00000000e+00 0.00000000e+00
 0.00000000e+00 0.00000000e+00 3.97703870e+01 0.00000000e+00
 0.00000000e+00 5.00000000e-02 9.45917632e-04 0.00000000e+00
 0.00000000e+00 0.00000000e+00 1.15713149e+02 9.42817521e+01
 0.00000000e+00 1.16665224e+02 1.04833752e+02 1.20362252e+02
 1.27594656e+02 1.34234401e+02 1.14915565e+02 1.13726790e+02
 1.14085106e+02 9.73061115e+01 1.05599667e+02 9.05948100e+01
 9.50868220e+01 9.52024160e+01 1.02915606e+02 6.90564757e+01
 6.19151262e+01 0.00000000e+00 0.00000000e+00 5.00000000e-02]
20,[5.00000000e-02 5.00000000e-02 1.23978648e+01 0.00000000e+00
 0.00000000e+00 0.00000000e+00 0.00000000e+00 0.00000000e+00
 5.00000000e-02 0.00000000e+00 2.99124516e+01 3.70901569e+01
 0.00000000e+00 0.00000000e+00 0.00000000e+00 0.00000000e+00
 2.30167014e+01 0.00000000e+00 8.30063400e+00 5.98264869e+01
 0.00000000e+00 5.00000000e-02 1.83230536e-02 0.00000000e+00
 0.00000000e+00 0.00000000e+00 0.00000000e+00 1.29918098e+02
 1.04583708e+02 8.56741538e+01 1.18493435e+02 1.03971079e+02
 1.35766539e+02 1.28382910e+02 1.33151398e+02 1.08122598e+02
 1.29680316e+02 1.13602690e+02 1.28324385e+02 1.11592246e+02
 0.00000000e+00 1.18597191e+02 1.38806431e+02 0.00000000e+00
 6.08989256e+01 0.00000000e+00 0.00000000e+00 5.00000000e-02]
21,[5.00000000e-02 9.66079292e+00 2.75051799e+01 3.75034899e+01
 0.00000000e+00 0.00000000e+00 4.09258444e+01 0.00000000e+00
 1.48334301e+01 0.00000000e+00 2.98255939e+01 2.45352033e+01
 7.89770662e+00 0.00000000e+00 0.00000000e+00 0.00000000e+00
 0.00000000e+00 0.00000000e+00 0.00000000e+00 3.21365109e+01
 3.01257592e+01 5.00000000e-02 5.00000000e-02 0.00000000e+00
 0.00000000e+00 0.00000000e+00 0.00000000e+00 0.00000000e+00
 7.58063844e+01 8.08543605e+01 9.47696360e+01 1.20073334e+02
 1.40000000e+02 1.22655825e+02 1.32719608e+02 1.40000000e+02
 1.31102293e+02 1.23827960e+02 1.26340537e+02 1.24883456e+02
 1.13120131e+02 1.09588018e+02 1.19917575e+02 0.00000000e+00
 0.00000000e+00 0.00000000e+00 0.00000000e+00 5.00000000e-02]
22,[5.00000000e-02 1.04763956e+01 2.59531432e+01 0.00000000e+00
 4.18796236e+01 0.00000000e+00 0.00000000e+00 0.00000000e+00
 2.14192788e+01 0.00000000e+00 1.69304380e+01 2.30695436e+01
 0.00000000e+00 0.00000000e+00 0.00000000e+00 0.00000000e+00
 0.00000000e+00 0.00000000e+00 0.00000000e+00 0.00000000e+00
 2.65205739e+01 5.00000000e-02 5.00000000e-02 0.00000000e+00
 0.00000000e+00 0.00000000e+00 0.00000000e+00 8.83446018e+01
 0.00000000e+00 1.00097117e+02 1.29791322e+02 1.14770592e+02
 1.28902114e+02 1.24882638e+02 1.40000000e+02 1.36924731e+02
 1.21807503e+02 1.19184164e+02 9.93445402e+01 9.00812632e+01
 1.15216399e+02 1.00856130e+02 1.24899100e+02 1.03411717e+02
 0.00000000e+00 0.00000000e+00 0.00000000e+00 5.00000000e-02]
23,[5.00000000e-02 4.85565843e+01 2.76553771e+01 4.18523231e+01
 4.91106929e+01 0.00000000e+00 0.00000000e+00 1.56958564e+01
 3.02935875e+01 7.46504855e+00 3.71538356e+01 0.00000000e+00
 0.00000000e+00 0.00000000e+00 5.00000000e-02 0.00000000e+00
 4.39486580e+01 5.25064522e+01 5.00000000e-02 0.00000000e+00
 0.00000000e+00 5.00000000e-02 5.00000000e-02 0.00000000e+00
 0.00000000e+00 0.00000000e+00 0.00000000e+00 0.00000000e+00
 0.00000000e+00 1.29640129e+02 1.25161111e+02 1.21150067e+02
 1.32694470e+02 1.36818156e+02 1.26555360e+02 1.27998169e+02
 1.26475243e+02 1.21068233e+02 1.31808312e+02 1.07802531e+02
 0.00000000e+00 0.00000000e+00 1.38184820e+02 7.72812988e+01
 5.64082020e+01 0.00000000e+00 0.00000000e+00 5.00000000e-02]
24,[5.00000000e-02 2.25173973e+01 2.20161646e+01 0.00000000e+00
 4.73643231e+01 6.37442532e+01 6.04455964e+00 0.00000000e+00
 0.00000000e+00 2.48323313e+01 2.27887180e+01 4.74573873e+01
 0.00000000e+00 0.00000000e+00 5.00000000e-02 5.00000000e-02
 5.00000000e-02 0.00000000e+00 3.35187630e+01 0.00000000e+00
 2.98606897e+01 5.00000000e-02 5.00000000e-02 0.00000000e+00
 0.00000000e+00 0.00000000e+00 0.00000000e+00 9.87815625e+01
 0.00000000e+00 0.00000000e+00 1.35667823e+02 1.26438698e+02
 1.28159231e+02 1.20582237e+02 1.39106127e+02 1.35627137e+02
 1.30380009e+02 1.07363534e+02 1.32895131e+02 1.37622864e+02
 0.00000000e+00 8.13654115e+01 1.03484449e+02 1.23366950e+02
 0.00000000e+00 0.00000000e+00 0.00000000e+00 5.00000000e-02]
25,[5.00000000e-02 1.23475656e+01 2.25818093e+01 0.00000000e+00
 4.67810604e+01 3.91929865e+01 0.00000000e+00 1.79587190e+01
 0.00000000e+00 5.32426959e+01 2.74529757e+01 3.96037496e+01
 3.33015131e+01 0.00000000e+00 0.00000000e+00 3.52491422e+01
 0.00000000e+00 0.00000000e+00 0.00000000e+00 0.00000000e+00
 1.22427902e+01 5.00000000e-02 5.00000000e-02 0.00000000e+00
 0.00000000e+00 0.00000000e+00 0.00000000e+00 1.27699596e+02
 0.00000000e+00 0.00000000e+00 1.15669295e+02 1.22277484e+02
 1.30634848e+02 1.04987163e+02 1.40000000e+02 1.37490583e+02
 1.06600801e+02 1.26193635e+02 1.00360495e+02 0.00000000e+00
 1.09706045e+02 1.15597764e+02 1.20426456e+02 1.19408448e+02
 0.00000000e+00 0.00000000e+00 0.00000000e+00 5.00000000e-02]
26,[5.00000000e-02 1.02748416e+01 2.92012574e+01 6.09984681e+01
 3.95640527e+01 0.00000000e+00 5.00000000e-02 5.00000000e-02
 0.00000000e+00 5.00000000e-02 4.78863601e+01 2.94531635e+01
 0.00000000e+00 0.00000000e+00 0.00000000e+00 0.00000000e+00
 5.07825605e+01 0.00000000e+00 0.00000000e+00 0.00000000e+00
 0.00000000e+00 5.00000000e-02 5.00000000e-02 0.00000000e+00
 0.00000000e+00 0.00000000e+00 0.00000000e+00 0.00000000e+00
 0.00000000e+00 1.28256611e+02 1.35311597e+02 1.36761109e+02
 1.11513388e+02 1.38849361e+02 1.31063436e+02 1.26238822e+02
 1.14357841e+02 1.26300823e+02 1.05803249e+02 1.17170565e+02
 0.00000000e+00 1.02482233e+02 1.23030496e+02 1.00277627e+02
 5.12972740e+01 0.00000000e+00 0.00000000e+00 1.86772691e+01]
27,[5.00000000e-02 1.11259634e+01 2.31831296e+01 0.00000000e+00
 0.00000000e+00 6.02395308e+01 0.00000000e+00 0.00000000e+00
 4.16753597e+01 2.38162298e+01 0.00000000e+00 2.79477144e+01
 0.00000000e+00 0.00000000e+00 0.00000000e+00 0.00000000e+00
 0.00000000e+00 0.00000000e+00 5.00000000e-02 0.00000000e+00
 5.00000000e-02 5.00000000e-02 5.00000000e-02 0.00000000e+00
 0.00000000e+00 0.00000000e+00 0.00000000e+00 8.52299971e+01
 1.23916412e+02 0.00000000e+00 1.30069517e+02 1.24780062e+02
 1.12413414e+02 1.32069328e+02 1.11247318e+02 1.35437780e+02
 1.14981401e+02 1.10373464e+02 1.21896222e+02 8.64031722e+01
 9.63233833e+01 1.20971072e+02 1.35065520e+02 8.85340504e+01
 0.00000000e+00 0.00000000e+00 0.00000000e+00 5.00000000e-02]
28,[5.00000000e-02 1.49944346e+01 2.63084770e+01 0.00000000e+00
 0.00000000e+00 4.03333146e+01 5.49934379e+01 3.52063171e+01
 3.04283210e+01 5.00000000e-02 2.01719402e+01 2.76827345e+01
 1.84387803e+01 0.00000000e+00 4.53361211e+01 0.00000000e+00
 5.53737100e+01 0.00000000e+00 0.00000000e+00 0.00000000e+00
 1.59540312e+01 2.62216780e-02 5.00000000e-02 0.00000000e+00
 0.00000000e+00 0.00000000e+00 0.00000000e+00 1.14974504e+02
 1.13380842e+02 0.00000000e+00 0.00000000e+00 1.29837592e+02
 1.23562143e+02 1.37907307e+02 1.39641322e+02 1.40000000e+02
 1.27151108e+02 1.28154696e+02 0.00000000e+00 1.10801634e+02
 0.00000000e+00 1.17787403e+02 1.29173725e+02 1.24494579e+02
 0.00000000e+00 0.00000000e+00 0.00000000e+00 5.00000000e-02]
29,[5.00000000e-02 1.46405743e+01 2.18524202e+01 0.00000000e+00
 2.52491933e+01 0.00000000e+00 0.00000000e+00 0.00000000e+00
 5.00000000e-02 0.00000000e+00 4.10538951e+01 1.80186746e+01
 5.00000000e-02 0.00000000e+00 0.00000000e+00 0.00000000e+00
 5.42676464e+01 0.00000000e+00 1.86306938e+01 4.98741892e+01
 5.63240633e+01 5.00000000e-02 5.00000000e-02 0.00000000e+00
 0.00000000e+00 0.00000000e+00 0.00000000e+00 1.05917014e+02
 0.00000000e+00 9.53282185e+01 1.25986698e+02 1.21381501e+02
 1.39808323e+02 1.30119844e+02 1.33787205e+02 1.40000000e+02
 1.33864840e+02 1.15191824e+02 9.57481783e+01 1.30638601e+02
 0.00000000e+00 1.07414961e+02 1.31601854e+02 0.00000000e+00
 0.00000000e+00 0.00000000e+00 0.00000000e+00 5.00000000e-02]
0,[5.00000000e-02 1.16051544e+01 2.87576763e+01 3.99591926e+01
 0.00000000e+00 0.00000000e+00 0.00000000e+00 5.00000000e-02
 5.00000000e-02 5.00000000e-02 3.67706074e+01 9.84376632e+00
 0.00000000e+00 0.00000000e+00 0.00000000e+00 0.00000000e+00
 0.00000000e+00 0.00000000e+00 0.00000000e+00 5.00000000e-02
 3.43436934e+01 5.00000000e-02 5.00000000e-02 0.00000000e+00
 0.00000000e+00 0.00000000e+00 0.00000000e+00 0.00000000e+00
 1.30897998e+02 1.17064226e+02 1.24451620e+02 1.35999326e+02
 1.38051868e+02 1.33275174e+02 1.28146475e+02 1.34474509e+02
 1.29664240e+02 1.23716000e+02 1.11528109e+02 1.00059429e+02
 9.06013358e+01 1.27932579e+02 1.28989353e+02 0.00000000e+00
 0.00000000e+00 0.00000000e+00 0.00000000e+00 5.00000000e-02]
1,[5.00000000e-02 5.00000000e-02 2.72086199e+01 0.00000000e+00
 4.73332392e+01 0.00000000e+00 0.00000000e+00 0.00000000e+00
 4.51513581e+01 4.88570406e+01 2.20114371e+01 5.08224681e+01
 0.00000000e+00 2.67734383e+01 0.00000000e+00 0.00000000e+00
 5.00000000e-02 0.00000000e+00 5.00000000e-02 0.00000000e+00
 2.09580240e+01 5.00000000e-02 5.00000000e-02 0.00000000e+00
 0.00000000e+00 0.00000000e+00 0.00000000e+00 8.04730809e+01
 0.00000000e+00 1.16379010e+02 1.03700185e+02 1.23773022e+02
 9.92281378e+01 1.01117915e+02 1.37915074e+02 1.18480144e+02
 1.12419933e+02 1.33018971e+02 1.08519568e+02 1.09753686e+02
 0.00000000e+00 1.22535904e+02 1.35991957e+02 1.20706077e+02
 0.00000000e+00 0.00000000e+00 0.00000000e+00 5.00000000e-02]
2,[5.00000000e-02 1.40611697e+01 4.23409762e+01 0.00000000e+00
 5.18993089e+01 0.00000000e+00 0.00000000e+00 5.00000000e-02
 4.28630144e+01 5.00000000e-02 2.18379877e+01 2.89577508e+01
 1.30991253e+01 0.00000000e+00 0.00000000e+00 0.00000000e+00
 3.78160359e+01 0.00000000e+00 0.00000000e+00 3.43049425e+01
 2.78704788e+01 5.00000000e-02 5.00000000e-02 0.00000000e+00
 0.00000000e+00 0.00000000e+00 0.00000000e+00 1.02244952e+02
 0.00000000e+00 1.04200478e+02 1.05775020e+02 1.34351888e+02
 1.29930658e+02 1.31006321e+02 1.38729825e+02 1.36505039e+02
 1.38610887e+02 1.29407557e+02 1.30064785e+02 1.06521389e+02
 0.00000000e+00 8.74796819e+01 1.22532366e+02 0.00000000e+00
 0.00000000e+00 0.00000000e+00 0.00000000e+00 5.00000000e-02]
3,[5.00000000e-02 5.00000000e-02 3.06773359e+01 5.18592976e+01
 4.90331678e+01 0.00000000e+00 1.59775300e+01 0.00000000e+00
 0.00000000e+00 1.73949018e+01 3.74102961e+01 3.79300027e+01
 0.00000000e+00 4.93179379e+01 0.00000000e+00 0.00000000e+00
 4.72964253e+01 0.00000000e+00 0.00000000e+00 0.00000000e+00
 5.00000000e-02 5.00000000e-02 5.00000000e-02 0.00000000e+00
 0.00000000e+00 0.00000000e+00 0.00000000e+00 0.00000000e+00
 0.00000000e+00 9.31832367e+01 1.32164702e+02 1.28105404e+02
 1.05646467e+02 1.35786230e+02 1.30214092e+02 1.26862682e+02
 1.11185085e+02 1.31336384e+02 1.29510620e+02 1.15832566e+02
 0.00000000e+00 9.41950652e+01 1.20660053e+02 1.29158862e+02
 0.00000000e+00 0.00000000e+00 0.00000000e+00 5.00000000e-02]
4,[5.00000000e-02 0.00000000e+00 4.47185572e+01 0.00000000e+00
 4.08572616e+01 5.52064553e+01 5.00000000e-02 0.00000000e+00
 5.00000000e-02 3.57736566e+01 3.68213560e+01 0.00000000e+00
 5.97547393e+00 0.00000000e+00 0.00000000e+00 4.48576647e+01
 4.47606641e+01 0.00000000e+00 0.00000000e+00 0.00000000e+00
 5.00000000e-02 5.00000000e-02 5.00000000e-02 0.00000000e+00
 0.00000000e+00 6.22123537e+01 0.00000000e+00 1.24252798e+02
 0.00000000e+00 0.00000000e+00 1.36359710e+02 1.20465076e+02
 1.35586263e+02 1.23755258e+02 1.25785094e+02 1.25370702e+02
 1.33162844e+02 1.18054308e+02 1.18346476e+02 0.00000000e+00
 7.70510753e+01 1.07089518e+02 1.28855781e+02 7.91953676e+01
 0.00000000e+00 0.00000000e+00 0.00000000e+00 5.00000000e-02]
5,[5.00000000e-02 5.00000000e-02 2.61968355e+01 0.00000000e+00
 0.00000000e+00 0.00000000e+00 0.00000000e+00 0.00000000e+00
 3.15165660e+01 4.04702755e+01 4.71944446e+01 0.00000000e+00
 2.59624379e+01 0.00000000e+00 0.00000000e+00 0.00000000e+00
 4.06710905e+01 0.00000000e+00 0.00000000e+00 5.34985640e+01
 3.47257083e+01 5.00000000e-02 5.00000000e-02 0.00000000e+00
 0.00000000e+00 0.00000000e+00 0.00000000e+00 1.18707228e+02
 8.86342623e+01 1.19087423e+02 1.08292997e+02 1.10301293e+02
 1.32174792e+02 1.04048373e+02 1.24912487e+02 1.26664686e+02
 1.20757399e+02 1.20422375e+02 1.12685890e+02 9.27150074e+01
 0.00000000e+00 1.26261149e+02 1.13707112e+02 0.00000000e+00
 0.00000000e+00 0.00000000e+00 0.00000000e+00 5.00000000e-02]
6,[5.00000000e-02 1.69197340e+01 3.06479983e+01 0.00000000e+00
 5.75517783e+01 0.00000000e+00 0.00000000e+00 3.37745925e+01
 0.00000000e+00 0.00000000e+00 3.27741591e+01 5.30538279e+01
 5.89015623e+01 0.00000000e+00 0.00000000e+00 0.00000000e+00
 5.78285961e+01 0.00000000e+00 0.00000000e+00 5.43966654e+01
 5.58625802e+01 5.00000000e-02 5.00000000e-02 0.00000000e+00
 0.00000000e+00 0.00000000e+00 0.00000000e+00 5.93086070e+01
 0.00000000e+00 1.11262097e+02 1.21812333e+02 1.12423039e+02
 1.26532387e+02 1.16459068e+02 1.12835745e+02 1.08082125e+02
 8.00984377e+01 1.28038907e+02 1.00033461e+02 1.24724079e+02
 0.00000000e+00 1.23472273e+02 1.24529766e+02 0.00000000e+00
 0.00000000e+00 0.00000000e+00 0.00000000e+00 5.00000000e-02]
7,[5.00000000e-02 3.96539815e+01 3.18885008e+01 3.97713630e+01
 4.42415663e+01 0.00000000e+00 0.00000000e+00 5.67465795e+01
 5.00000000e-02 5.00000000e-02 2.02069429e+01 2.67567112e+01
 5.00000000e-02 0.00000000e+00 0.00000000e+00 5.31462978e+01
 0.00000000e+00 0.00000000e+00 1.38758231e+01 5.46117908e+01
 3.95417774e+01 5.00000000e-02 5.00000000e-02 0.00000000e+00
 0.00000000e+00 0.00000000e+00 0.00000000e+00 0.00000000e+00
 0.00000000e+00 7.40021945e+01 1.19124541e+02 1.28461593e+02
 1.31584269e+02 1.35354289e+02 1.29756571e+02 1.38743783e+02
 1.32574402e+02 1.22082848e+02 1.09947883e+02 0.00000000e+00
 1.13585413e+02 1.19814886e+02 1.34349048e+02 0.00000000e+00
 0.00000000e+00 0.00000000e+00 0.00000000e+00 5.00000000e-02]
8,[5.00000000e-02 3.20524586e+01 1.87885876e+01 0.00000000e+00
 0.00000000e+00 0.00000000e+00 0.00000000e+00 0.00000000e+00
 5.00000000e-02 0.00000000e+00 2.74309257e+01 2.41970079e+01
 0.00000000e+00 0.00000000e+00 0.00000000e+00 0.00000000e+00
 0.00000000e+00 0.00000000e+00 0.00000000e+00 0.00000000e+00
 5.00000000e-02 4.31596176e-02 5.00000000e-02 0.00000000e+00
 0.00000000e+00 0.00000000e+00 0.00000000e+00 1.06218391e+02
 6.76258168e+01 9.39361181e+01 1.22287756e+02 1.24481078e+02
 1.39976321e+02 9.11972183e+01 1.34234847e+02 1.33564471e+02
 1.20108045e+02 1.28042641e+02 9.46865343e+01 9.89554673e+01
 1.10504285e+02 1.07675309e+02 1.25755998e+02 1.09629427e+02
 0.00000000e+00 0.00000000e+00 0.00000000e+00 5.00000000e-02]
9,[5.00000000e-02 1.10089590e+01 4.87857929e+01 5.12002116e+01
 3.77943314e+01 0.00000000e+00 0.00000000e+00 0.00000000e+00
 0.00000000e+00 5.00000000e-02 2.31999886e+01 1.13977855e+01
 2.16469716e+01 5.31307160e+01 0.00000000e+00 0.00000000e+00
 5.23017326e+01 0.00000000e+00 0.00000000e+00 5.41892640e+01
 5.62477016e+01 5.00000000e-02 5.00000000e-02 0.00000000e+00
 0.00000000e+00 0.00000000e+00 0.00000000e+00 0.00000000e+00
 0.00000000e+00 1.29010331e+02 1.17913817e+02 1.11281405e+02
 1.22991544e+02 1.38176625e+02 1.30990267e+02 1.40000000e+02
 1.22820311e+02 1.13423639e+02 1.20337845e+02 1.04781755e+02
 0.00000000e+00 1.14117258e+02 1.24611319e+02 0.00000000e+00
 0.00000000e+00 0.00000000e+00 0.00000000e+00 5.00000000e-02]
10,[1.36184392e-02 5.00000000e-02 3.18916053e+01 0.00000000e+00
 4.83256148e+01 0.00000000e+00 0.00000000e+00 0.00000000e+00
 0.00000000e+00 5.00000000e-02 3.49107734e+01 2.16471636e+01
 5.00000000e-02 0.00000000e+00 0.00000000e+00 0.00000000e+00
 0.00000000e+00 0.00000000e+00 0.00000000e+00 0.00000000e+00
 3.46980621e+01 4.08349615e-02 5.00000000e-02 0.00000000e+00
 0.00000000e+00 0.00000000e+00 0.00000000e+00 1.03095464e+02
 0.00000000e+00 9.34196838e+01 1.29875474e+02 9.72855078e+01
 1.11771916e+02 1.36414340e+02 1.23858349e+02 1.40000000e+02
 1.31890843e+02 1.30585925e+02 1.00931170e+02 9.53851962e+01
 1.26214717e+02 8.92288358e+01 1.15784905e+02 1.11803802e+02
 0.00000000e+00 0.00000000e+00 0.00000000e+00 5.00000000e-02]
11,[5.00000000e-02 5.00000000e-02 1.92421107e+01 0.00000000e+00
 3.33161186e+01 5.08245825e+01 4.43620918e+01 4.79235348e+01
 4.06095901e+01 9.45400326e+00 4.29293520e+01 3.93708002e+01
 0.00000000e+00 0.00000000e+00 0.00000000e+00 0.00000000e+00
 3.80796352e+01 0.00000000e+00 5.00000000e-02 2.71922226e+01
 0.00000000e+00 5.00000000e-02 5.00000000e-02 0.00000000e+00
 0.00000000e+00 0.00000000e+00 0.00000000e+00 1.26948787e+02
 0.00000000e+00 0.00000000e+00 9.31015043e+01 1.25103648e+02
 1.32571760e+02 1.39609303e+02 1.15900001e+02 1.39120829e+02
 1.28098493e+02 1.07032528e+02 1.11991227e+02 1.22486574e+02
 0.00000000e+00 1.11200419e+02 1.31447020e+02 0.00000000e+00
 4.48815116e+01 0.00000000e+00 0.00000000e+00 5.00000000e-02]
12,[5.00000000e-02 1.54077842e+01 2.47326701e+01 4.84695183e+01
 4.45984342e+01 0.00000000e+00 0.00000000e+00 0.00000000e+00
 3.89445006e+01 5.00000000e-02 5.98212080e+01 3.37520950e+01
 0.00000000e+00 0.00000000e+00 0.00000000e+00 0.00000000e+00
 4.70538466e+01 2.71881032e+01 0.00000000e+00 3.85311894e+01
 0.00000000e+00 5.00000000e-02 5.00000000e-02 0.00000000e+00
 0.00000000e+00 0.00000000e+00 0.00000000e+00 0.00000000e+00
 0.00000000e+00 1.26614322e+02 1.18564256e+02 1.26364385e+02
 1.32497265e+02 1.33775795e+02 1.40000000e+02 1.40000000e+02
 1.23784938e+02 1.16081610e+02 1.15524880e+02 9.80795843e+01
 0.00000000e+00 8.45875736e+01 1.23137434e+02 0.00000000e+00
 5.40436661e+01 0.00000000e+00 0.00000000e+00 5.00000000e-02]
13,[5.00000000e-02 5.00000000e-02 1.04601780e+01 0.00000000e+00
 5.03635473e+01 0.00000000e+00 0.00000000e+00 0.00000000e+00
 5.56347286e+01 2.17685666e+01 1.85655283e+01 5.00000000e-02
 0.00000000e+00 0.00000000e+00 0.00000000e+00 0.00000000e+00
 0.00000000e+00 0.00000000e+00 4.09734764e+01 0.00000000e+00
 2.02100321e+01 5.00000000e-02 5.00000000e-02 0.00000000e+00
 0.00000000e+00 0.00000000e+00 0.00000000e+00 1.02594430e+02
 0.00000000e+00 1.01982124e+02 1.01714775e+02 1.19202550e+02
 1.00741301e+02 1.24839967e+02 1.37170164e+02 1.40000000e+02
 1.19655558e+02 1.29941522e+02 1.24193966e+02 7.88531065e+01
 8.72338161e+01 1.22334553e+02 1.01914767e+02 9.54388071e+01
 0.00000000e+00 0.00000000e+00 0.00000000e+00 5.00000000e-02]
14,[5.00000000e-02 2.12819167e+01 7.31394442e+00 0.00000000e+00
 2.65586543e+01 0.00000000e+00 5.00000000e-02 2.87050455e+01
 3.00741207e+01 0.00000000e+00 1.95003568e+01 4.42499841e+01
 0.00000000e+00 0.00000000e+00 5.00000000e-02 0.00000000e+00
 4.73922781e+01 0.00000000e+00 0.00000000e+00 0.00000000e+00
 2.52305914e+01 5.00000000e-02 5.00000000e-02 0.00000000e+00
 0.00000000e+00 0.00000000e+00 0.00000000e+00 1.25919253e+02
 0.00000000e+00 1.28359413e+02 1.31352197e+02 1.36247991e+02
 1.05076662e+02 1.28666433e+02 1.40000000e+02 1.11444134e+02
 1.14043136e+02 1.29173029e+02 1.38029826e+02 8.37688201e+01
 0.00000000e+00 1.01573439e+02 1.26417987e+02 7.22167264e+01
 0.00000000e+00 0.00000000e+00 0.00000000e+00 5.00000000e-02]
15,[5.00000000e-02 9.83263983e+00 2.10586903e+01 3.85197711e+01
 3.63517550e+01 0.00000000e+00 0.00000000e+00 2.21976116e+01
 4.51207892e+01 2.08754020e+01 0.00000000e+00 3.34337017e+01
 3.51992147e+01 6.40639119e+01 0.00000000e+00 0.00000000e+00
 0.00000000e+00 0.00000000e+00 0.00000000e+00 3.88887698e+01
 5.00000000e-02 5.00000000e-02 5.00000000e-02 0.00000000e+00
 0.00000000e+00 0.00000000e+00 0.00000000e+00 0.00000000e+00
 0.00000000e+00 1.24712454e+02 9.74923230e+01 1.26748033e+02
 1.28322400e+02 1.20259522e+02 1.29390444e+02 1.32491434e+02
 9.30304826e+01 7.56578189e+01 9.06052555e+01 1.07197116e+02
 1.24460482e+02 1.03472352e+02 1.23315632e+02 7.53065922e+01
 0.00000000e+00 0.00000000e+00 0.00000000e+00 5.00000000e-02]
16,[5.00000000e-02 3.20617794e+01 3.34117781e+01 0.00000000e+00
 0.00000000e+00 0.00000000e+00 0.00000000e+00 5.00000000e-02
 3.88951684e+01 4.18673191e+01 4.44522606e+01 5.00000000e-02
 0.00000000e+00 0.00000000e+00 0.00000000e+00 2.07836508e+01
 4.57615845e+01 0.00000000e+00 5.00000000e-02 0.00000000e+00
 2.44636156e+01 5.00000000e-02 5.00000000e-02 0.00000000e+00
 0.00000000e+00 0.00000000e+00 0.00000000e+00 1.25301538e+02
 8.60812167e+01 7.35701661e+01 1.12599202e+02 1.32468228e+02
 1.07714049e+02 1.04002842e+02 1.28515097e+02 1.40000000e+02
 1.27110466e+02 1.26006958e+02 9.83538797e+01 0.00000000e+00
 0.00000000e+00 1.20807448e+02 1.35835421e+02 1.13828203e+02
 0.00000000e+00 0.00000000e+00 0.00000000e+00 5.00000000e-02]
17,[5.00000000e-02 1.30489878e+01 2.78345104e+01 4.62894845e+01
 5.39846529e+01 0.00000000e+00 0.00000000e+00 3.00464950e+01
 8.27237584e+00 0.00000000e+00 2.67095729e+01 2.71120401e+01
 0.00000000e+00 0.00000000e+00 0.00000000e+00 0.00000000e+00
 0.00000000e+00 4.09046664e+01 0.00000000e+00 0.00000000e+00
 0.00000000e+00 5.00000000e-02 5.00000000e-02 0.00000000e+00
 0.00000000e+00 0.00000000e+00 0.00000000e+00 0.00000000e+00
 0.00000000e+00 1.02400137e+02 1.08108108e+02 1.06574264e+02
 1.36400946e+02 1.26715710e+02 1.39894866e+02 1.40000000e+02
 1.21079209e+02 1.28724913e+02 1.25973533e+02 1.28231343e+02
 9.10848676e+01 0.00000000e+00 1.28452777e+02 8.10093799e+01
 6.18852635e+01 0.00000000e+00 0.00000000e+00 5.00000000e-02]
18,[5.00000000e-02 1.40785678e+01 3.17743871e+01 0.00000000e+00
 3.92137504e+01 4.00986631e+01 0.00000000e+00 0.00000000e+00
 3.80225989e+01 1.57186974e+01 4.38313758e+01 4.17876492e+01
 3.95486743e+01 0.00000000e+00 0.00000000e+00 0.00000000e+00
 5.82613365e+01 5.18642009e+01 0.00000000e+00 0.00000000e+00
 5.34388362e+01 5.00000000e-02 5.00000000e-02 0.00000000e+00
 0.00000000e+00 0.00000000e+00 0.00000000e+00 9.60689495e+01
 0.00000000e+00 0.00000000e+00 1.17304384e+02 1.20543612e+02
 1.11651822e+02 1.37075825e+02 1.32357864e+02 1.29467249e+02
 1.36936535e+02 1.22401085e+02 1.16455418e+02 1.11175599e+02
 0.00000000e+00 0.00000000e+00 1.23349863e+02 8.58478607e+01
 0.00000000e+00 0.00000000e+00 0.00000000e+00 5.00000000e-02]
19,[5.00000000e-02 5.00000000e-02 4.34928338e+01 3.53018232e+01
 0.00000000e+00 0.00000000e+00 0.00000000e+00 0.00000000e+00
 0.00000000e+00 4.81010083e+01 1.49764260e+01 4.00003933e+01
 1.16376037e+01 0.00000000e+00 0.00000000e+00 0.00000000e+00
 0.00000000e+00 0.00000000e+00 0.00000000e+00 5.00000000e-02
 4.63445692e+01 5.00000000e-02 2.39464152e-02 0.00000000e+00
 0.00000000e+00 0.00000000e+00 0.00000000e+00 0.00000000e+00
 9.84680357e+01 1.18537447e+02 1.26405209e+02 1.08744223e+02
 1.29985834e+02 8.80398932e+01 1.36425775e+02 1.36776633e+02
 1.27367248e+02 1.23515614e+02 1.21988210e+02 1.27129992e+02
 1.06035460e+02 1.13986585e+02 1.20527357e+02 0.00000000e+00
 0.00000000e+00 0.00000000e+00 0.00000000e+00 5.00000000e-02]
20,[5.00000000e-02 3.45449449e+01 3.46659707e+01 0.00000000e+00
 2.74198466e+01 0.00000000e+00 0.00000000e+00 0.00000000e+00
 2.98184026e+01 1.53954890e+01 4.82917960e+01 0.00000000e+00
 0.00000000e+00 0.00000000e+00 0.00000000e+00 0.00000000e+00
 1.55185801e+01 0.00000000e+00 6.01294302e+01 0.00000000e+00
 4.54418527e+01 5.00000000e-02 5.00000000e-02 0.00000000e+00
 0.00000000e+00 0.00000000e+00 0.00000000e+00 9.88883700e+01
 0.00000000e+00 1.18352778e+02 1.11970290e+02 1.30382151e+02
 1.34593101e+02 1.34777422e+02 1.12708204e+02 1.25259565e+02
 1.21983943e+02 1.20722499e+02 1.06689693e+02 1.00885242e+02
 0.00000000e+00 1.00000233e+02 9.77137974e+01 8.46947039e+01
 0.00000000e+00 0.00000000e+00 0.00000000e+00 5.00000000e-02]
21,[5.00000000e-02 4.34909545e+01 2.27292186e+01 0.00000000e+00
 2.85968921e+01 0.00000000e+00 0.00000000e+00 0.00000000e+00
 8.46965348e+00 1.69628332e+01 1.83710726e+01 0.00000000e+00
 2.91400622e+01 0.00000000e+00 5.89248123e+01 0.00000000e+00
 5.17352989e+01 0.00000000e+00 0.00000000e+00 0.00000000e+00
 5.00000000e-02 5.00000000e-02 5.00000000e-02 0.00000000e+00
 0.00000000e+00 0.00000000e+00 0.00000000e+00 1.11658691e+02
 0.00000000e+00 1.26617277e+02 1.17268480e+02 1.22948568e+02
 1.37699469e+02 1.39393033e+02 1.40000000e+02 1.19564255e+02
 1.38387653e+02 1.20580398e+02 0.00000000e+00 1.21163997e+02
 0.00000000e+00 1.28666021e+02 1.30628638e+02 9.36373866e+01
 0.00000000e+00 0.00000000e+00 0.00000000e+00 5.00000000e-02]
22,[5.00000000e-02 3.59621843e+01 3.68139173e+01 0.00000000e+00
 0.00000000e+00 0.00000000e+00 0.00000000e+00 0.00000000e+00
 0.00000000e+00 0.00000000e+00 5.00000000e-02 3.69393937e+01
 0.00000000e+00 1.02311690e+01 3.23627168e+01 2.41318896e+01
 0.00000000e+00 0.00000000e+00 5.00000000e-02 0.00000000e+00
 0.00000000e+00 5.00000000e-02 5.00000000e-02 0.00000000e+00
 0.00000000e+00 0.00000000e+00 0.00000000e+00 1.04087506e+02
 8.64942393e+01 8.77162204e+01 1.18160990e+02 1.19259719e+02
 1.18155964e+02 1.23662869e+02 1.39820087e+02 1.33294199e+02
 1.26455278e+02 1.32808977e+02 0.00000000e+00 7.02539400e+01
 9.16396062e+01 9.99129147e+01 1.31941087e+02 1.07062092e+02
 4.36810467e+01 0.00000000e+00 0.00000000e+00 5.00000000e-02]
23,[5.00000000e-02 2.03935306e+01 1.97385861e+01 0.00000000e+00
 4.44238749e+01 3.99200019e+01 0.00000000e+00 5.50731388e+01
 3.23051158e+01 0.00000000e+00 0.00000000e+00 4.16627006e+01
 4.94226520e+01 3.60485588e+01 0.00000000e+00 0.00000000e+00
 3.03417267e+01 0.00000000e+00 0.00000000e+00 0.00000000e+00
 2.44882235e+01 5.00000000e-02 5.00000000e-02 0.00000000e+00
 0.00000000e+00 0.00000000e+00 0.00000000e+00 1.12488188e+02
 0.00000000e+00 0.00000000e+00 1.26117444e+02 7.93279568e+01
 1.35017506e+02 1.28204679e+02 1.25049162e+02 1.23737281e+02
 1.27696370e+02 1.02867492e+02 1.22726208e+02 1.00162828e+02
 0.00000000e+00 9.76795871e+01 1.29690873e+02 1.13897491e+02
 0.00000000e+00 0.00000000e+00 0.00000000e+00 5.00000000e-02]
24,[5.00000000e-02 2.17070589e+01 3.15741528e+01 0.00000000e+00
 2.86937659e+01 0.00000000e+00 5.00000000e-02 0.00000000e+00
 0.00000000e+00 0.00000000e+00 5.00000000e-02 3.24206547e+01
 0.00000000e+00 3.38617617e+01 3.59277268e+01 1.75004884e+01
 5.45605377e+01 0.00000000e+00 0.00000000e+00 0.00000000e+00
 2.91992032e+01 5.00000000e-02 5.00000000e-02 0.00000000e+00
 0.00000000e+00 0.00000000e+00 0.00000000e+00 1.24222737e+02
 0.00000000e+00 1.23532856e+02 1.35193796e+02 1.29655576e+02
 1.26150335e+02 1.19115721e+02 1.40000000e+02 1.21919231e+02
 1.29982236e+02 1.02703736e+02 1.35603836e+02 0.00000000e+00
 0.00000000e+00 1.11152629e+02 1.28661385e+02 1.14954227e+02
 0.00000000e+00 0.00000000e+00 0.00000000e+00 5.00000000e-02]
25,[5.00000000e-02 1.98123717e+01 2.45841672e+01 0.00000000e+00
 3.78880189e+01 0.00000000e+00 0.00000000e+00 4.19524842e+01
 4.05732505e+01 0.00000000e+00 0.00000000e+00 3.64103459e+01
 0.00000000e+00 0.00000000e+00 0.00000000e+00 0.00000000e+00
 4.80258405e+01 0.00000000e+00 5.00000000e-02 0.00000000e+00
 2.14226787e+01 9.45231829e-03 5.00000000e-02 0.00000000e+00
 0.00000000e+00 0.00000000e+00 0.00000000e+00 8.99277196e+01
 0.00000000e+00 9.68036414e+01 1.04206063e+02 1.30023126e+02
 1.31485524e+02 1.29929641e+02 1.24716162e+02 1.26589431e+02
 1.16631364e+02 1.04094573e+02 1.29424199e+02 1.25179766e+02
 0.00000000e+00 1.08266803e+02 1.32198205e+02 9.59408691e+01
 0.00000000e+00 0.00000000e+00 0.00000000e+00 5.00000000e-02]
26,[5.00000000e-02 1.11884979e+01 2.90853169e+01 4.07049275e+01
 0.00000000e+00 0.00000000e+00 0.00000000e+00 0.00000000e+00
 3.36683373e+01 2.50318928e+01 1.57105900e+01 1.28081722e+01
 5.00000000e-02 5.28449083e+01 0.00000000e+00 0.00000000e+00
 5.52626658e+01 6.46471310e+01 0.00000000e+00 0.00000000e+00
 5.00000000e-02 5.00000000e-02 5.00000000e-02 0.00000000e+00
 0.00000000e+00 0.00000000e+00 0.00000000e+00 0.00000000e+00
 1.05384171e+02 1.00584991e+02 1.19566115e+02 1.28701261e+02
 1.34231565e+02 1.36346206e+02 1.39806907e+02 1.32968470e+02
 1.31326151e+02 9.61843756e+01 1.01446278e+02 1.04055178e+02
 0.00000000e+00 0.00000000e+00 1.26241823e+02 1.14771072e+02
 0.00000000e+00 0.00000000e+00 0.00000000e+00 5.00000000e-02]
27,[5.00000000e-02 3.28272094e+01 3.41903557e+01 4.41363305e+01
 5.49576252e+01 0.00000000e+00 0.00000000e+00 0.00000000e+00
 3.12221167e+01 0.00000000e+00 0.00000000e+00 2.06313110e+01
 0.00000000e+00 3.63663808e+01 3.88537291e+01 0.00000000e+00
 4.81490670e+01 0.00000000e+00 0.00000000e+00 7.05937647e+01
 3.31264370e+01 5.00000000e-02 5.00000000e-02 0.00000000e+00
 0.00000000e+00 0.00000000e+00 0.00000000e+00 0.00000000e+00
 0.00000000e+00 1.09654004e+02 1.21795965e+02 1.19030129e+02
 1.40000000e+02 1.26654723e+02 1.23324999e+02 1.23982865e+02
 1.27573096e+02 1.27813639e+02 1.06279230e+02 1.09743456e+02
 0.00000000e+00 1.07814153e+02 1.26289676e+02 0.00000000e+00
 0.00000000e+00 0.00000000e+00 0.00000000e+00 5.00000000e-02]
28,[5.00000000e-02 2.24582549e+01 2.47934529e+01 3.85805486e+01
 5.53008313e+01 6.47856022e+01 2.03081147e+01 0.00000000e+00
 0.00000000e+00 1.30467650e+01 2.74468926e+01 5.00000000e-02
 5.85554390e+01 0.00000000e+00 0.00000000e+00 2.06707663e+01
 6.34914402e+01 0.00000000e+00 4.99886733e+01 5.85641204e+01
 1.03442675e+01 2.62216780e-02 5.00000000e-02 0.00000000e+00
 0.00000000e+00 0.00000000e+00 0.00000000e+00 0.00000000e+00
 0.00000000e+00 0.00000000e+00 1.38786910e+02 1.30851419e+02
 1.21171560e+02 1.38207094e+02 1.33425083e+02 1.31670505e+02
 1.22570447e+02 1.27880502e+02 8.61043662e+01 1.23606227e+02
 0.00000000e+00 1.20835223e+02 1.15055790e+02 0.00000000e+00
 0.00000000e+00 0.00000000e+00 0.00000000e+00 5.00000000e-02]
29,[5.00000000e-02 5.00000000e-02 2.19417600e+01 4.67626545e+01
 0.00000000e+00 0.00000000e+00 0.00000000e+00 5.00000000e-02
 0.00000000e+00 2.93188449e+01 2.89797185e+01 1.54786295e+01
 0.00000000e+00 4.16740768e+01 0.00000000e+00 0.00000000e+00
 0.00000000e+00 0.00000000e+00 0.00000000e+00 0.00000000e+00
 0.00000000e+00 5.00000000e-02 5.00000000e-02 0.00000000e+00
 0.00000000e+00 0.00000000e+00 0.00000000e+00 0.00000000e+00
 6.16008576e+01 8.94414325e+01 1.11776097e+02 1.34945253e+02
 1.30148961e+02 1.33566567e+02 1.35312661e+02 1.37655929e+02
 1.22492221e+02 9.72042535e+01 1.25730967e+02 1.06625659e+02
 8.18967799e+01 9.59621644e+01 1.02294630e+02 1.11791239e+02
 3.87897609e+01 0.00000000e+00 0.00000000e+00 5.00000000e-02]
0,[5.00000000e-02 5.00000000e-02 2.31736484e+01 0.00000000e+00
 1.52035763e+01 0.00000000e+00 0.00000000e+00 0.00000000e+00
 6.23765216e+01 0.00000000e+00 3.33465887e+01 1.51802284e+01
 0.00000000e+00 3.81765835e+01 0.00000000e+00 0.00000000e+00
 4.70737911e+01 0.00000000e+00 5.00000000e-02 0.00000000e+00
 3.91164916e+01 5.00000000e-02 5.00000000e-02 0.00000000e+00
 0.00000000e+00 0.00000000e+00 0.00000000e+00 1.19488179e+02
 0.00000000e+00 9.53696785e+01 1.02792280e+02 1.22697977e+02
 1.33131616e+02 1.24616392e+02 1.37514389e+02 1.38017114e+02
 1.19761991e+02 1.31236318e+02 1.26882004e+02 8.82066750e+01
 0.00000000e+00 1.05822443e+02 1.34370336e+02 6.37022130e+01
 0.00000000e+00 0.00000000e+00 0.00000000e+00 5.00000000e-02]
1,[5.00000000e-02 1.27392350e+01 1.61241688e+01 0.00000000e+00
 3.58134386e+01 0.00000000e+00 0.00000000e+00 5.00000000e-02
 5.89872563e+01 2.02220090e+01 2.85990126e+01 3.87228717e+01
 0.00000000e+00 0.00000000e+00 0.00000000e+00 0.00000000e+00
 0.00000000e+00 0.00000000e+00 0.00000000e+00 0.00000000e+00
 5.00000000e-02 5.00000000e-02 5.00000000e-02 0.00000000e+00
 0.00000000e+00 0.00000000e+00 0.00000000e+00 8.38989036e+01
 0.00000000e+00 9.50249172e+01 1.02394742e+02 1.34740378e+02
 9.37042798e+01 1.32536129e+02 1.40000000e+02 1.34404083e+02
 1.18877220e+02 1.28965331e+02 1.08404814e+02 1.02402447e+02
 9.19409792e+01 9.79607967e+01 1.26218943e+02 9.75982301e+01
 0.00000000e+00 0.00000000e+00 0.00000000e+00 5.00000000e-02]
2,[5.00000000e-02 1.58203268e+01 5.00000000e-02 4.94169882e+01
 4.54519643e+01 0.00000000e+00 5.00000000e-02 0.00000000e+00
 1.73199824e+01 2.86563269e+01 0.00000000e+00 3.52442595e+01
 3.98535463e+01 0.00000000e+00 3.96354362e+01 0.00000000e+00
 6.94180692e+01 0.00000000e+00 5.03870612e+01 0.00000000e+00
 0.00000000e+00 5.00000000e-02 5.00000000e-02 0.00000000e+00
 0.00000000e+00 0.00000000e+00 0.00000000e+00 0.00000000e+00
 0.00000000e+00 1.04954009e+02 1.04883307e+02 1.26797978e+02
 1.40000000e+02 1.29780929e+02 1.30058898e+02 1.34543862e+02
 1.31784370e+02 1.25917093e+02 5.89711487e+01 1.10585838e+02
 0.00000000e+00 9.43915904e+01 9.09410039e+01 8.30129751e+01
 4.60522364e+01 0.00000000e+00 0.00000000e+00 5.00000000e-02]
3,[5.00000000e-02 2.58843978e+01 2.55727254e+01 0.00000000e+00
 3.65672137e+01 2.73173246e+01 4.29161960e+01 0.00000000e+00
 0.00000000e+00 7.65365735e+00 1.27840491e+01 3.62195694e+01
 0.00000000e+00 4.54305704e+01 0.00000000e+00 0.00000000e+00
 4.79765988e+01 0.00000000e+00 3.62799994e+01 5.30800569e+01
 0.00000000e+00 5.00000000e-02 5.00000000e-02 0.00000000e+00
 0.00000000e+00 0.00000000e+00 0.00000000e+00 1.15415772e+02
 0.00000000e+00 1.07552303e+02 0.00000000e+00 1.24653315e+02
 1.26667654e+02 1.33737166e+02 1.37284477e+02 1.39302073e+02
 1.30915260e+02 1.23982042e+02 9.52681698e+01 8.88471075e+01
 0.00000000e+00 1.08708046e+02 1.32828917e+02 0.00000000e+00
 5.48252906e+01 0.00000000e+00 0.00000000e+00 5.00000000e-02]
4,[5.00000000e-02 1.57248283e+01 3.16122924e+01 5.00000000e-02
 6.32225117e+01 3.86530971e+01 0.00000000e+00 0.00000000e+00
 2.11615096e+01 0.00000000e+00 3.43156687e+01 1.08097503e+01
 0.00000000e+00 0.00000000e+00 0.00000000e+00 0.00000000e+00
 0.00000000e+00 0.00000000e+00 0.00000000e+00 3.53191061e+01
 2.76071850e+01 5.00000000e-02 5.00000000e-02 0.00000000e+00
 0.00000000e+00 0.00000000e+00 0.00000000e+00 1.23125912e+02
 0.00000000e+00 0.00000000e+00 1.28398943e+02 1.25451413e+02
 1.39470743e+02 1.15483400e+02 1.40000000e+02 1.39654298e+02
 1.29326136e+02 1.20047345e+02 1.23133394e+02 1.16572398e+02
 1.01829198e+02 1.07487218e+02 1.27634439e+02 0.00000000e+00
 0.00000000e+00 0.00000000e+00 0.00000000e+00 5.00000000e-02]
5,[5.00000000e-02 3.53533345e+01 2.87521313e+01 0.00000000e+00
 5.80187471e+01 2.99228825e+01 0.00000000e+00 1.97094241e+01
 2.92665245e+01 0.00000000e+00 3.00750484e+01 2.24252704e+01
 0.00000000e+00 0.00000000e+00 0.00000000e+00 0.00000000e+00
 5.15140431e+01 0.00000000e+00 0.00000000e+00 0.00000000e+00
 1.10199126e+01 5.00000000e-02 5.00000000e-02 0.00000000e+00
 0.00000000e+00 0.00000000e+00 0.00000000e+00 1.08902956e+02
 0.00000000e+00 4.42138020e+01 1.16221118e+02 1.39560985e+02
 1.35746414e+02 1.18755920e+02 1.27849978e+02 1.35817061e+02
 1.07440224e+02 1.26414658e+02 1.12644243e+02 1.17354181e+02
 0.00000000e+00 1.07355432e+02 1.29547748e+02 6.57445384e+01
 0.00000000e+00 0.00000000e+00 0.00000000e+00 5.00000000e-02]
6,[5.00000000e-02 2.00588407e+01 4.11253676e+01 0.00000000e+00
 4.64969809e+01 0.00000000e+00 0.00000000e+00 0.00000000e+00
 0.00000000e+00 0.00000000e+00 0.00000000e+00 0.00000000e+00
 2.91082509e+01 0.00000000e+00 0.00000000e+00 0.00000000e+00
 0.00000000e+00 0.00000000e+00 0.00000000e+00 0.00000000e+00
 2.13640375e+01 5.00000000e-02 5.00000000e-02 0.00000000e+00
 0.00000000e+00 0.00000000e+00 0.00000000e+00 1.25835742e+02
 0.00000000e+00 8.49682993e+01 1.22632770e+02 1.30754678e+02
 1.27518000e+02 1.30458989e+02 1.25521088e+02 1.29543229e+02
 1.38189362e+02 1.30307235e+02 1.08032372e+02 1.06818805e+02
 6.01940995e+01 1.07399961e+02 1.21178532e+02 1.06105847e+02
 0.00000000e+00 0.00000000e+00 0.00000000e+00 5.00000000e-02]
7,[5.00000000e-02 5.07831276e+00 2.70587648e+01 4.13714881e+01
 5.01632038e+01 0.00000000e+00 2.29450707e+01 4.75685493e+01
 3.62357604e+01 5.14395280e+01 2.20573728e+01 4.73459439e+01
 0.00000000e+00 0.00000000e+00 4.03307436e+01 0.00000000e+00
 4.58607465e+01 0.00000000e+00 0.00000000e+00 6.16802261e+01
 3.24805769e+01 5.00000000e-02 5.00000000e-02 0.00000000e+00
 0.00000000e+00 0.00000000e+00 0.00000000e+00 0.00000000e+00
 0.00000000e+00 9.51750037e+01 1.34937523e+02 1.31489058e+02
 1.10965407e+02 1.08037131e+02 1.38285534e+02 1.36828349e+02
 1.09026232e+02 1.17840612e+02 7.57617379e+01 1.23452446e+02
 0.00000000e+00 7.95685810e+01 1.23460738e+02 0.00000000e+00
 0.00000000e+00 0.00000000e+00 0.00000000e+00 5.00000000e-02]
8,[5.00000000e-02 2.54961847e+01 2.92606619e+01 0.00000000e+00
 3.43523209e+01 0.00000000e+00 0.00000000e+00 0.00000000e+00
 4.61993166e+01 2.88618077e+01 2.25282081e+01 0.00000000e+00
 0.00000000e+00 0.00000000e+00 0.00000000e+00 0.00000000e+00
 4.83522802e+01 1.59995528e+01 0.00000000e+00 0.00000000e+00
 3.03183581e+01 5.00000000e-02 5.00000000e-02 0.00000000e+00
 0.00000000e+00 0.00000000e+00 0.00000000e+00 1.04195726e+02
 0.00000000e+00 1.24790147e+02 1.20535336e+02 1.30632176e+02
 1.27316799e+02 1.29475410e+02 1.34416745e+02 1.16230287e+02
 1.25398371e+02 1.22098150e+02 1.10487523e+02 1.00595213e+02
 0.00000000e+00 7.85939256e+01 1.20597615e+02 8.46882763e+01
 0.00000000e+00 0.00000000e+00 0.00000000e+00 5.00000000e-02]
9,[5.00000000e-02 2.91929562e+01 4.93654060e+01 0.00000000e+00
 4.07353837e+01 3.38215789e+01 3.90421029e+01 0.00000000e+00
 0.00000000e+00 4.43508319e+01 2.39826623e+01 1.23934365e+01
 0.00000000e+00 0.00000000e+00 0.00000000e+00 0.00000000e+00
 0.00000000e+00 0.00000000e+00 2.06732915e+01 4.75014508e+01
 1.60030968e+01 5.00000000e-02 5.00000000e-02 0.00000000e+00
 0.00000000e+00 0.00000000e+00 0.00000000e+00 1.20056651e+02
 0.00000000e+00 0.00000000e+00 1.21748043e+02 1.26553597e+02
 1.22266795e+02 1.21858904e+02 1.32021136e+02 1.32864712e+02
 1.26369435e+02 1.25363019e+02 8.92812052e+01 8.86056758e+01
 1.21570972e+02 1.17720858e+02 1.19210102e+02 0.00000000e+00
 0.00000000e+00 0.00000000e+00 0.00000000e+00 5.00000000e-02]
10,[5.00000000e-02 2.85980127e+01 2.27094440e+01 0.00000000e+00
 4.42165465e+01 0.00000000e+00 0.00000000e+00 0.00000000e+00
 1.52200504e+01 0.00000000e+00 0.00000000e+00 5.00000000e-02
 3.21317348e+01 0.00000000e+00 3.30382881e+01 5.28386675e+01
 0.00000000e+00 0.00000000e+00 0.00000000e+00 0.00000000e+00
 3.70521076e+01 5.00000000e-02 5.00000000e-02 0.00000000e+00
 0.00000000e+00 0.00000000e+00 0.00000000e+00 1.18786408e+02
 0.00000000e+00 1.03368628e+02 1.27020055e+02 1.21549441e+02
 1.27547049e+02 1.24102568e+02 1.22553043e+02 1.39445843e+02
 1.04288512e+02 1.18156072e+02 1.24322973e+02 0.00000000e+00
 9.88463559e+01 1.14087080e+02 1.26498150e+02 8.26319269e+01
 0.00000000e+00 0.00000000e+00 0.00000000e+00 5.00000000e-02]
11,[5.00000000e-02 1.71965726e+01 2.51765294e+01 4.96526860e+01
 3.30092626e+01 1.64121754e+01 1.82687355e-03 0.00000000e+00
 3.93016395e+01 0.00000000e+00 4.42389801e+01 1.27182582e+01
 5.00000000e-02 0.00000000e+00 0.00000000e+00 0.00000000e+00
 0.00000000e+00 0.00000000e+00 5.00000000e-02 4.50755397e+01
 1.85181223e+01 5.00000000e-02 5.00000000e-02 0.00000000e+00
 0.00000000e+00 0.00000000e+00 0.00000000e+00 0.00000000e+00
 0.00000000e+00 1.28422628e+02 1.34211484e+02 1.23927954e+02
 1.21556393e+02 1.23773584e+02 1.17302000e+02 1.39074229e+02
 1.31081857e+02 1.21874859e+02 9.65318815e+01 1.02859904e+02
 1.10439241e+02 1.27866369e+02 1.32440161e+02 0.00000000e+00
 0.00000000e+00 0.00000000e+00 0.00000000e+00 5.00000000e-02]
12,[5.00000000e-02 2.88620585e+01 2.54239598e+01 0.00000000e+00
 4.25421414e+01 0.00000000e+00 0.00000000e+00 2.78621236e+01
 0.00000000e+00 0.00000000e+00 4.34874086e+01 4.07831427e+01
 0.00000000e+00 0.00000000e+00 0.00000000e+00 0.00000000e+00
 4.01482654e+01 0.00000000e+00 5.00000000e-02 0.00000000e+00
 1.77975792e+01 5.00000000e-02 5.00000000e-02 0.00000000e+00
 0.00000000e+00 0.00000000e+00 0.00000000e+00 8.15753597e+01
 0.00000000e+00 1.01984401e+02 1.26932672e+02 1.32414181e+02
 1.26957016e+02 1.29143147e+02 1.23207189e+02 1.19347525e+02
 1.13419610e+02 1.29247548e+02 1.14528118e+02 1.07415713e+02
 0.00000000e+00 1.30381866e+02 1.36456996e+02 7.05659250e+01
 0.00000000e+00 0.00000000e+00 0.00000000e+00 5.00000000e-02]
13,[5.00000000e-02 1.46816110e+01 2.34561862e+01 3.75920671e+01
 0.00000000e+00 5.98991468e+01 0.00000000e+00 0.00000000e+00
 2.36578596e+01 4.67066128e+01 4.14744176e+01 3.09384599e+01
 4.78803827e+01 5.00000000e-02 0.00000000e+00 0.00000000e+00
 0.00000000e+00 0.00000000e+00 0.00000000e+00 5.58206057e+01
 3.04754968e+01 5.00000000e-02 5.00000000e-02 0.00000000e+00
 0.00000000e+00 0.00000000e+00 0.00000000e+00 0.00000000e+00
 9.99085154e+01 0.00000000e+00 1.13709649e+02 1.12055766e+02
 1.10338173e+02 1.04492461e+02 1.18987758e+02 1.28066728e+02
 9.70349533e+01 1.32574900e+02 9.34420076e+01 1.20169541e+02
 1.24772441e+02 1.26831153e+02 1.14770342e+02 0.00000000e+00
 0.00000000e+00 0.00000000e+00 0.00000000e+00 2.38713275e+01]
14,[5.00000000e-02 5.00000000e-02 2.76832966e+01 0.00000000e+00
 0.00000000e+00 3.73519898e+01 0.00000000e+00 4.17176288e+01
 0.00000000e+00 1.98488489e+01 3.24224332e+01 2.41957408e+01
 2.75705552e+01 0.00000000e+00 0.00000000e+00 0.00000000e+00
 5.00000000e-02 0.00000000e+00 0.00000000e+00 0.00000000e+00
 4.87297283e+01 5.00000000e-02 5.00000000e-02 0.00000000e+00
 0.00000000e+00 0.00000000e+00 0.00000000e+00 6.34753123e+01
 8.44988617e+01 0.00000000e+00 1.10724744e+02 1.30846979e+02
 1.26492674e+02 1.32326317e+02 1.40000000e+02 1.35678900e+02
 1.06972377e+02 1.29387457e+02 1.21967003e+02 1.27089287e+02
 0.00000000e+00 1.20982400e+02 1.23623913e+02 9.99129112e+01
 0.00000000e+00 0.00000000e+00 0.00000000e+00 5.00000000e-02]
15,[5.00000000e-02 3.85127595e+01 2.82753050e+01 0.00000000e+00
 4.01421182e+01 0.00000000e+00 0.00000000e+00 0.00000000e+00
 0.00000000e+00 0.00000000e+00 4.12556276e+01 2.72558496e+01
 3.30141941e+01 0.00000000e+00 0.00000000e+00 4.30831103e+01
 6.07086666e+01 0.00000000e+00 5.21302626e+01 0.00000000e+00
 2.35240321e+01 5.00000000e-02 5.00000000e-02 0.00000000e+00
 0.00000000e+00 0.00000000e+00 0.00000000e+00 1.28363748e+02
 0.00000000e+00 1.01789166e+02 9.97006741e+01 1.24485292e+02
 1.25277260e+02 1.27720263e+02 1.33139392e+02 1.40000000e+02
 1.02428978e+02 1.20332963e+02 1.21376278e+02 0.00000000e+00
 0.00000000e+00 1.11994245e+02 8.72621725e+01 1.03434555e+02
 0.00000000e+00 0.00000000e+00 0.00000000e+00 5.00000000e-02]
16,[5.00000000e-02 1.16881583e+01 2.91792617e+01 4.77518728e+01
 0.00000000e+00 1.26281754e+01 5.00000000e-02 0.00000000e+00
 5.00000000e-02 1.89337392e+01 3.99854002e+01 3.22370962e+01
 0.00000000e+00 0.00000000e+00 2.97366923e+01 0.00000000e+00
 5.82971497e+01 5.00000000e-02 0.00000000e+00 3.98615501e+01
 4.88696351e+01 5.00000000e-02 5.00000000e-02 0.00000000e+00
 0.00000000e+00 0.00000000e+00 0.00000000e+00 0.00000000e+00
 1.00895111e+02 1.32427204e+02 1.36181172e+02 1.21733384e+02
 1.31830416e+02 1.34195851e+02 1.34204469e+02 1.24230727e+02
 1.30564534e+02 1.29933455e+02 0.00000000e+00 1.21304824e+02
 0.00000000e+00 1.32113021e+02 1.23062540e+02 0.00000000e+00
 0.00000000e+00 0.00000000e+00 0.00000000e+00 5.00000000e-02]
17,[5.00000000e-02 3.42235274e+01 2.81293015e+01 2.85824541e+01
 3.95860167e+01 0.00000000e+00 0.00000000e+00 0.00000000e+00
 5.00000000e-02 5.00000000e-02 2.60702591e+01 1.31157814e+01
 5.07697601e+01 0.00000000e+00 3.59467693e+01 0.00000000e+00
 3.49688830e+01 0.00000000e+00 5.00000000e-02 0.00000000e+00
 1.78120814e+01 5.00000000e-02 5.00000000e-02 0.00000000e+00
 0.00000000e+00 0.00000000e+00 0.00000000e+00 0.00000000e+00
 0.00000000e+00 1.26576794e+02 1.28857224e+02 1.26034818e+02
 1.36601868e+02 1.35964641e+02 1.25312502e+02 1.40000000e+02
 9.41883081e+01 1.28854049e+02 1.05148005e+02 1.01296978e+02
 0.00000000e+00 1.24371518e+02 1.33889717e+02 9.78346365e+01
 0.00000000e+00 0.00000000e+00 0.00000000e+00 5.00000000e-02]
18,[5.00000000e-02 1.77514374e+01 1.76513226e+01 0.00000000e+00
 2.74928153e+01 0.00000000e+00 5.40394328e+01 3.14311589e+01
 0.00000000e+00 9.47393876e+00 0.00000000e+00 4.39243649e+01
 0.00000000e+00 0.00000000e+00 3.06227075e+01 2.02040799e+01
 1.35273208e+01 2.34793486e+01 2.90960359e+01 0.00000000e+00
 3.74233158e+01 5.00000000e-02 5.00000000e-02 0.00000000e+00
 0.00000000e+00 0.00000000e+00 0.00000000e+00 1.05997346e+02
 0.00000000e+00 1.20599618e+02 8.20994891e+01 9.74855383e+01
 1.26745436e+02 1.32273859e+02 1.20660820e+02 1.12056411e+02
 1.21696256e+02 1.20901086e+02 1.01149496e+02 1.33750582e+02
 0.00000000e+00 7.91956839e+01 1.36429227e+02 7.74334751e+01
 0.00000000e+00 0.00000000e+00 0.00000000e+00 5.00000000e-02]
19,[5.00000000e-02 1.59652241e+01 2.74059880e+01 3.08068928e+01
 5.16519211e+01 0.00000000e+00 0.00000000e+00 0.00000000e+00
 4.40336932e+01 0.00000000e+00 3.19999653e+01 4.23079453e+01
 0.00000000e+00 0.00000000e+00 0.00000000e+00 0.00000000e+00
 5.22121835e+01 0.00000000e+00 5.00000000e-02 4.65676468e+01
 0.00000000e+00 5.00000000e-02 5.00000000e-02 0.00000000e+00
 0.00000000e+00 0.00000000e+00 0.00000000e+00 0.00000000e+00
 0.00000000e+00 9.87235347e+01 1.27525474e+02 1.27346117e+02
 1.35836758e+02 1.14463456e+02 1.28015988e+02 1.19327186e+02
 1.17286124e+02 1.26791089e+02 1.23451019e+02 1.23399415e+02
 0.00000000e+00 1.25025893e+02 1.37850304e+02 0.00000000e+00
 6.20581195e+01 0.00000000e+00 0.00000000e+00 5.00000000e-02]
20,[5.00000000e-02 2.06104504e+01 2.51356392e+01 0.00000000e+00
 0.00000000e+00 0.00000000e+00 0.00000000e+00 0.00000000e+00
 0.00000000e+00 0.00000000e+00 3.09553664e+01 2.77421665e+01
 0.00000000e+00 0.00000000e+00 0.00000000e+00 0.00000000e+00
 5.00000000e-02 3.24846015e+01 0.00000000e+00 5.00000000e-02
 0.00000000e+00 5.00000000e-02 5.00000000e-02 0.00000000e+00
 0.00000000e+00 0.00000000e+00 0.00000000e+00 1.28760701e+02
 9.74943107e+01 8.99627605e+01 1.14205913e+02 1.08165171e+02
 1.19097773e+02 1.30477801e+02 1.26736983e+02 1.33833122e+02
 1.22572825e+02 1.22159496e+02 1.07954791e+02 1.19914580e+02
 1.32146413e+02 9.06662966e+01 1.06916042e+02 0.00000000e+00
 3.77558773e+01 0.00000000e+00 0.00000000e+00 5.00000000e-02]
21,[5.00000000e-02 2.45954655e+01 2.58058228e+01 0.00000000e+00
 3.63352011e+01 0.00000000e+00 0.00000000e+00 0.00000000e+00
 3.17944324e+01 0.00000000e+00 3.88934738e+01 4.19596379e+01
 2.28626981e+01 0.00000000e+00 0.00000000e+00 0.00000000e+00
 1.81986049e+01 0.00000000e+00 0.00000000e+00 4.37591269e+01
 2.61788684e+01 5.00000000e-02 5.00000000e-02 0.00000000e+00
 0.00000000e+00 0.00000000e+00 0.00000000e+00 1.01018682e+02
 0.00000000e+00 1.20516488e+02 1.23971202e+02 1.29205296e+02
 1.12124277e+02 1.15823002e+02 1.20999558e+02 1.25197806e+02
 1.32035655e+02 1.07619064e+02 1.18028085e+02 1.14519040e+02
 4.79874995e+01 1.13249697e+02 1.22744706e+02 0.00000000e+00
 0.00000000e+00 0.00000000e+00 0.00000000e+00 5.00000000e-02]
22,[5.00000000e-02 1.11071346e+01 1.68485308e+01 3.47618631e+01
 5.14104482e+01 0.00000000e+00 0.00000000e+00 1.91130957e+01
 2.91279190e+01 2.30157244e+01 0.00000000e+00 2.72727431e+01
 2.79542128e+01 0.00000000e+00 0.00000000e+00 0.00000000e+00
 4.72102383e+01 1.69842266e+01 4.41252657e+01 5.00000000e-02
 1.54714390e+01 5.00000000e-02 5.00000000e-02 0.00000000e+00
 0.00000000e+00 0.00000000e+00 0.00000000e+00 0.00000000e+00
 0.00000000e+00 1.06491600e+02 1.06684872e+02 1.27031345e+02
 1.18192113e+02 1.33024123e+02 1.26932134e+02 1.40000000e+02
 1.11770745e+02 1.28173069e+02 1.21677123e+02 1.06079128e+02
 0.00000000e+00 8.08526050e+01 9.59452100e+01 1.39579105e+02
 0.00000000e+00 0.00000000e+00 0.00000000e+00 5.00000000e-02]
23,[5.00000000e-02 2.04463793e+01 2.80089477e+01 0.00000000e+00
 1.72409088e+01 0.00000000e+00 0.00000000e+00 0.00000000e+00
 5.00000000e-02 0.00000000e+00 2.59820029e+01 2.11448854e+01
 0.00000000e+00 0.00000000e+00 0.00000000e+00 0.00000000e+00
 3.80217633e+01 5.57413797e+01 3.29140898e+01 0.00000000e+00
 3.89260313e+01 5.00000000e-02 5.00000000e-02 0.00000000e+00
 0.00000000e+00 0.00000000e+00 0.00000000e+00 1.25120410e+02
 0.00000000e+00 1.15913146e+02 1.20197544e+02 1.26199186e+02
 1.33817714e+02 1.28946063e+02 1.37320879e+02 1.36876935e+02
 1.26972459e+02 1.22656208e+02 1.27268448e+02 1.21182553e+02
 0.00000000e+00 0.00000000e+00 1.17434884e+02 9.85768610e+01
 0.00000000e+00 0.00000000e+00 0.00000000e+00 5.00000000e-02]
24,[5.00000000e-02 1.55364827e+01 2.95781431e+01 2.16420354e+01
 0.00000000e+00 0.00000000e+00 0.00000000e+00 0.00000000e+00
 2.43374338e+01 0.00000000e+00 2.25972232e+01 4.68659477e+01
 0.00000000e+00 0.00000000e+00 0.00000000e+00 0.00000000e+00
 6.08999804e+01 0.00000000e+00 0.00000000e+00 0.00000000e+00
 2.84689265e+01 5.00000000e-02 5.00000000e-02 0.00000000e+00
 0.00000000e+00 0.00000000e+00 0.00000000e+00 0.00000000e+00
 1.27505948e+02 1.22030260e+02 1.22936919e+02 1.11258194e+02
 1.33940036e+02 1.14755938e+02 1.24261168e+02 1.23144310e+02
 1.29835685e+02 1.23132991e+02 8.97044653e+01 1.26457601e+02
 0.00000000e+00 1.09264206e+02 1.19297443e+02 8.94098696e+01
 0.00000000e+00 0.00000000e+00 0.00000000e+00 5.00000000e-02]
25,[5.00000000e-02 5.00000000e-02 4.11026346e+01 4.03413145e+01
 0.00000000e+00 0.00000000e+00 0.00000000e+00 4.41487008e+01
 0.00000000e+00 5.00000000e-02 2.92280372e+01 4.11764574e+01
 0.00000000e+00 1.39188260e+01 0.00000000e+00 0.00000000e+00
 0.00000000e+00 0.00000000e+00 0.00000000e+00 3.67459358e+01
 3.04985080e+01 5.00000000e-02 5.00000000e-02 0.00000000e+00
 0.00000000e+00 0.00000000e+00 0.00000000e+00 0.00000000e+00
 1.09850184e+02 9.27844656e+01 1.22267558e+02 1.00129508e+02
 1.24259084e+02 1.34722573e+02 1.40000000e+02 1.39420028e+02
 1.03457971e+02 1.38379006e+02 9.80499305e+01 1.26320109e+02
 8.82797571e+01 9.48027763e+01 1.24489905e+02 0.00000000e+00
 0.00000000e+00 0.00000000e+00 0.00000000e+00 5.00000000e-02]
26,[5.00000000e-02 1.78271342e+01 2.74025231e+01 0.00000000e+00
 0.00000000e+00 0.00000000e+00 0.00000000e+00 0.00000000e+00
 0.00000000e+00 0.00000000e+00 5.00000000e-02 5.84654536e+00
 0.00000000e+00 0.00000000e+00 0.00000000e+00 0.00000000e+00
 0.00000000e+00 0.00000000e+00 0.00000000e+00 0.00000000e+00
 5.00000000e-02 3.80999647e-02 5.00000000e-02 0.00000000e+00
 0.00000000e+00 0.00000000e+00 0.00000000e+00 1.18648993e+02
 9.95271222e+01 7.22987150e+01 1.12845572e+02 1.24385071e+02
 1.30364600e+02 1.29289587e+02 1.39522478e+02 1.34252102e+02
 1.24835312e+02 1.24769492e+02 1.12727479e+02 1.18544123e+02
 9.02589641e+01 1.20225336e+02 1.17803315e+02 9.52116108e+01
 0.00000000e+00 0.00000000e+00 0.00000000e+00 5.00000000e-02]
27,[5.00000000e-02 2.61989672e+01 5.42549445e+01 1.79738496e+01
 0.00000000e+00 0.00000000e+00 0.00000000e+00 0.00000000e+00
 5.00000000e-02 1.22840342e+01 0.00000000e+00 2.83491000e+01
 0.00000000e+00 5.00000000e-02 0.00000000e+00 0.00000000e+00
 2.63930914e+01 0.00000000e+00 1.87775299e+01 0.00000000e+00
 3.06264855e+01 5.00000000e-02 5.00000000e-02 0.00000000e+00
 0.00000000e+00 0.00000000e+00 0.00000000e+00 0.00000000e+00
 1.06082230e+02 1.17784930e+02 1.29058864e+02 1.10036007e+02
 1.32029341e+02 1.32177615e+02 1.30360602e+02 1.31095284e+02
 1.20227658e+02 1.36315187e+02 9.76944174e+01 1.23527778e+02
 0.00000000e+00 1.20636082e+02 1.28425164e+02 9.37434252e+01
 0.00000000e+00 0.00000000e+00 0.00000000e+00 5.00000000e-02]
28,[5.00000000e-02 2.37758996e+01 2.74943956e+01 3.42178347e+01
 5.42027882e+01 0.00000000e+00 1.32642056e+01 0.00000000e+00
 2.46768316e+01 5.00000000e-02 1.26318342e+01 4.14201331e+01
 4.90953637e+01 0.00000000e+00 0.00000000e+00 3.70441206e+01
 5.64553975e+01 0.00000000e+00 4.76446961e+01 0.00000000e+00
 5.13416260e+01 5.00000000e-02 5.00000000e-02 0.00000000e+00
 0.00000000e+00 0.00000000e+00 0.00000000e+00 0.00000000e+00
 0.00000000e+00 1.00710256e+02 1.03899471e+02 1.25773876e+02
 1.36844885e+02 1.34724904e+02 1.33954085e+02 1.15637855e+02
 9.74136860e+01 1.19038875e+02 9.73317182e+01 8.70077369e+01
 0.00000000e+00 1.02102475e+02 9.38166975e+01 7.54349704e+01
 0.00000000e+00 0.00000000e+00 0.00000000e+00 5.00000000e-02]
29,[5.00000000e-02 1.42060963e+01 3.14519205e+01 0.00000000e+00
 3.01930485e+01 0.00000000e+00 0.00000000e+00 0.00000000e+00
 2.33660631e+01 0.00000000e+00 1.86479785e+01 2.96556788e+01
 4.49786235e+01 2.12210999e+01 0.00000000e+00 5.00000000e-02
 3.43733843e+01 0.00000000e+00 4.33321075e+01 0.00000000e+00
 5.04516390e+01 5.00000000e-02 5.00000000e-02 0.00000000e+00
 0.00000000e+00 0.00000000e+00 0.00000000e+00 7.63980355e+01
 0.00000000e+00 1.16166467e+02 1.13200171e+02 1.26602511e+02
 1.19594709e+02 1.28107322e+02 1.40000000e+02 1.35790907e+02
 9.03541909e+01 1.12891804e+02 1.11419562e+02 1.16916969e+02
 0.00000000e+00 1.11929288e+02 1.02870560e+02 5.88301011e+01
 0.00000000e+00 0.00000000e+00 0.00000000e+00 5.00000000e-02]
